age	CO2 	CO2.1sig
0.1132998	284.15	0.94
0.1168228	283.82	0.94
0.117126224	285.09	0.95
0.1230777	285.91	0.64
0.125255	281.36	0.94
0.1363403	284.43	0.94
0.1506636	282.80	0.79
0.1535285	280.40	1.72
0.1540565	282.30	0.63
0.1559035	281.62	0.94
0.1697001	273.07	0.41
0.1705109	280.24	0.63
0.1765445	277.86	0.94
0.1863032	276.40	0.94
0.1871218	277.16	0.63
0.1978706	278.00	0.63
0.1980684	276.46	0.94
0.2008801	277.60	0.63
0.2087428	276.81	0.94
0.216128	278.31	0.94
0.2269926	277.01	0.94
0.2271356	278.27	1.27
0.2559336	277.36	0.63
0.2602586	276.32	0.94
0.2681057	276.66	0.63
0.3009031	278.02	0.63
0.3101855	276.69	0.94
0.3214007	273.78	0.41
0.3405392	271.11	0.41
0.3465814	275.07	0.63
0.3590094	279.36	0.95
0.3618233	281.11	0.94
0.3769871	282.57	0.64
0.3901371	281.83	0.94
0.4003525	283.53	1.27
0.4203243	283.95	0.64
0.4484714	283.12	0.64
0.4806032	280.31	1.27
0.5008362	282.23	0.95
0.5211956	279.73	0.41
0.5391394	279.70	0.94
0.5596679	280.91	0.63
0.6011501	278.36	0.41
0.61988	284.07	0.64
0.6425528	281.58	0.94
0.6718032	278.43	0.41
0.6904929	282.20	0.94
0.6987306	282.41	0.63
0.739045	283.69	0.94
0.7501886	284.54	0.64
0.7840184	283.97	1.41
0.8037131	284.51	1.27
0.8343911	282.84	0.94
0.8505902	283.09	0.64
0.8797973	282.84	0.94
0.90082294	280.97	0.63
0.90992083	280.92	0.94
0.93072784	280.06	0.63
0.93242209	279.80	1.34
0.96734583	278.74	1.41
0.99234736	277.41	0.41
1.03587184	280.11	2.21
1.0745898	279.42	1.41
1.12767222	278.62	1.41
1.15689504	279.72	2.21
1.18770454	279.29	2.21
1.2195665	279.99	0.41
1.24875007	277.10	0.41
1.28082364	278.45	0.41
1.31300077	279.59	0.41
1.33547544	277.87	0.41
1.36759231	276.20	0.41
1.39253167	278.46	3.85
1.39837838	276.56	0.41
1.43204389	276.79	0.94
1.46186806	277.11	0.41
1.51306166	280.00	0.41
1.54363545	279.13	0.41
1.56577312	277.25	0.41
1.59266644	277.80	0.41
1.63245421	281.69	0.41
1.65439543	280.91	0.41
1.67555608	280.24	2.56
1.68390469	278.31	0.62
1.7093986	280.25	0.62
1.77546638	277.56	0.41
1.79646924	278.07	0.41
1.814	278.10	1.00
1.846	277.50	1.00
1.894	277.40	1.00
1.92	277.90	1.00
1.949	276.70	1.00
1.999709091	278.00	1.20
2.093359091	276.90	0.70
2.234235273	276.70	0.80
2.265549333	276.70	0.80
2.414316667	277.60	1.30
2.52612497	277.90	0.50
2.628015758	273.90	1.10
2.708475455	278.90	0.60
2.801760667	275.30	1.60
2.904546909	274.70	1.20
2.948816303	276.30	0.90
3.056604242	274.60	0.80
3.255728182	276.30	1.50
3.283661576	273.10	1.10
3.431119273	274.00	0.30
3.528287879	275.00	0.60
3.644462727	273.40	1.30
3.693407697	273.00	0.80
3.80685697	271.50	1.00
3.856166364	275.40	0.50
3.968950606	274.90	1.30
4.108666727	271.70	1.00
4.205842364	271.60	0.70
4.275076667	272.80	0.80
4.342822424	271.50	0.90
4.494362424	271.10	0.80
4.592819273	269.10	0.60
4.647462909	269.80	1.00
4.773001515	271.50	0.80
4.921201818	270.70	0.50
4.981579879	269.30	1.00
5.086789939	268.60	1.10
5.218566182	269.80	1.20
5.311175758	267.60	0.60
5.357548545	265.30	1.70
5.533289576	265.20	0.80
5.581297333	267.60	2.00
5.757606364	265.90	0.90
5.852259636	265.50	0.80
5.934091455	260.70	1.60
5.999376061	266.70	0.90
6.089807879	265.50	0.80
6.301963333	263.20	0.60
6.337206909	262.70	0.90
6.401244848	261.20	0.70
6.572291576	261.10	0.40
6.682545394	259.40	0.60
6.769652545	262.10	0.90
6.880308667	262.90	0.50
6.970077394	258.10	1.40
7.038269879	257.60	0.90
7.188070303	262.30	0.90
7.27401	263.00	0.70
7.405323818	260.70	0.60
7.497865394	258.40	0.80
7.661366364	260.10	0.60
7.719591515	260.40	0.40
7.860181636	259.70	0.90
7.926365394	259.20	0.70
7.975853939	260.80	1.40
8.116284242	259.60	0.50
8.194798788	259.30	0.90
8.351876727	258.30	1.20
8.459675758	261.30	0.90
8.546579091	260.70	0.40
8.710678182	261.80	1.00
8.781282364	259.00	1.10
8.911853879	260.90	0.70
8.992985758	260.40	0.60
9.060173939	259.30	1.00
9.143012848	262.00	0.80
9.295308848	263.70	1.20
9.36111697	263.80	0.80
9.436703455	265.20	0.90
9.51805903	260.60	1.70
9.524439455	260.90	0.60
9.555863939	263.00	0.40
9.573266606	263.80	1.20
9.901037879	264.40	0.40
9.992609576	264.20	0.90
10.13450303	264.00	0.30
10.19295455	263.40	0.10
10.29955455	265.70	0.50
10.36655576	264.90	0.40
10.50555152	267.50	0.40
10.68048	266.90	0.60
10.80180909	266.00	1.10
10.83574364	265.10	1.60
10.95447879	267.60	0.70
11.08961576	264.80	0.60
11.16106364	264.80	0.40
11.18587091	265.00	0.80
11.20057636	265.30	0.40
11.25656788	264.40	1.50
11.31697879	264.10	0.70
11.339371	264.81	1.67
11.383156	264.84	1.29
11.399861	268.16	2.55
11.417453	264.48	2.04
11.435931	270.14	2.11
11.453064	268.87	0.70
11.472799	269.10	2.52
11.490446	267.17	0.85
11.507225	267.66	1.15
11.523934	269.51	0.85
11.543596	266.90	0.66
11.559612	262.74	1.42
11.576406	267.09	0.50
11.592243	260.70	0.29
11.611307	261.30	1.52
11.628966	266.22	2.41
11.647924	257.13	1.34
11.664542	247.55	0.34
11.682818	254.62	0.88
11.701438	253.99	1.46
11.719717	256.04	1.26
11.74065	255.89	1.40
11.759212	258.74	1.48
11.780723	258.25	0.33
11.802789	258.53	1.78
11.8205	257.17	1.48
11.843327	254.31	1.34
11.863118	253.63	1.59
11.883166	251.56	0.58
11.904912	255.90	1.16
11.926956	258.57	5.26
11.948086	248.92	2.04
11.969551	253.99	1.30
11.990691	255.39	1.39
12.015895	247.85	1.45
12.037316	248.41	0.35
12.058796	253.10	0.70
12.079849	251.03	2.57
12.105248	255.66	1.99
12.124583	253.02	0.87
12.146495	251.14	1.41
12.168481	251.42	0.85
12.190414	250.97	0.73
12.21134	249.65	1.23
12.232921	249.23	1.60
12.256477	248.95	1.48
12.280774	249.38	1.33
12.301036	248.92	0.29
12.321276	250.73	1.37
12.343121	246.97	0.76
12.365281	244.31	1.16
12.388308	243.00	1.21
12.409378	246.40	1.45
12.431925	247.67	0.82
12.454817	245.83	0.56
12.47539	246.18	0.79
12.495838	244.42	1.18
12.52135	246.74	1.29
12.543717	249.92	1.72
12.564615	244.27	1.21
12.586604	247.02	0.27
12.607644	248.09	1.18
12.629853	246.94	0.45
12.653637	243.95	1.68
12.673897	242.53	0.96
12.697141	244.24	0.96
12.7198	241.59	1.07
12.739914	247.30	0.41
12.762577	240.02	1.12
12.785627	241.50	2.09
12.80927	242.23	1.95
12.830152	242.15	1.34
12.852706	239.35	1.29
12.873977	241.24	1.30
12.893384	239.44	0.79
12.917105	238.79	1.12
12.939228	238.18	2.82
12.959751	240.71	0.95
12.980883	237.15	0.81
13.001057	239.42	2.09
13.021916	234.68	0.19
13.043693	238.86	1.94
13.066591	237.91	2.24
13.088223	241.56	1.16
13.128448	234.82	0.11
13.17267	236.91	0.96
13.216195	239.41	0.69
13.266965	240.42	0.15
13.304149	236.86	0.34
13.418103	237.83	1.87
13.486737	240.25	1.41
13.531749	235.83	0.40
13.600809	243.86	0.12
13.645346	238.55	0.46
13.712826	241.59	1.23
13.75873	241.11	2.22
13.827204	239.08	0.10
13.871566	237.95	0.85
13.940228	240.57	0.57
14.001788	235.92	1.04
14.022859	237.87	1.09
14.060093	241.27	1.17
14.084472	232.88	1.52
14.120057	236.40	0.13
14.156604	239.24	0.42
14.179551	239.36	0.81
14.205559	238.36	1.89
14.237445	236.60	1.19
14.273024	240.21	1.33
14.298717	239.04	0.22
14.308608	235.80	1.10
14.343156	242.08	1.09
14.354483	238.39	0.49
14.374989	240.33	1.05
14.410597	242.55	1.42
14.422234	242.60	1.76
14.443283	240.95	0.35
14.463583	238.61	0.77
14.497209	242.06	2.25
14.520852	241.14	1.27
14.531297	243.17	0.81
14.541662	235.83	0.56
14.552933	241.73	0.42
14.563518	239.86	1.46
14.575933	239.77	1.74
14.586185	237.97	1.14
14.595468	235.31	0.61
14.606209	237.59	0.85
14.619389	237.97	0.76
14.629987	240.10	1.12
14.645202	238.12	0.60
14.652256	234.62	0.39
14.664087	233.42	0.29
14.675119	234.34	1.04
14.686374	237.49	0.29
14.696689	228.91	0.44
14.706958	228.18	0.77
14.718124	230.53	1.10
14.730883	234.54	1.23
14.743189	231.48	1.10
14.758515	227.90	0.75
14.763412	224.64	0.78
14.776283	227.39	1.12
14.787831	227.79	0.23
14.799135	228.50	1.02
14.810614	227.58	0.43
14.822391	226.51	0.70
14.83475	228.40	0.01
14.844772	227.87	0.41
14.857525	233.17	1.47
14.869177	232.22	0.59
14.880662	227.85	1.11
14.892457	230.63	1.24
14.904212	228.72	0.54
14.915908	228.36	0.53
14.92902	228.47	0.34
14.953662	228.89	1.23
14.976478	229.79	2.09
14.987256	227.65	1.22
15.01148	228.37	1.02
15.034777	225.38	0.84
15.072534	228.99	0.24
15.09581	234.47	0.02
15.133528	229.67	0.63
15.156516	228.81	0.89
15.181113	227.84	1.04
15.218875	230.18	0.33
15.243443	228.27	1.21
15.280741	225.77	0.92
15.320944	227.64	1.42
15.345237	228.92	0.96
15.382846	225.39	1.57
15.410078	224.74	0.75
15.462934	223.27	1.38
15.546395	223.53	0.35
15.64943	222.76	1.37
15.704787	222.16	0.57
15.767681	224.86	1.87
15.844953	222.36	0.44
15.920254	223.51	0.65
15.936522	223.77	0.64
15.995492	223.72	2.06
15.998978	224.41	0.18
16.01467	222.39	0.89
16.033783	224.48	1.43
16.083	224.24	0.82
16.114135	222.41	1.31
16.151209	224.86	1.02
16.166707	226.19	0.07
16.187461	221.49	1.18
16.208708	227.32	1.21
16.222957	223.24	0.55
16.240564	220.49	1.06
16.260727	218.56	0.97
16.278743	214.22	0.59
16.296958	212.84	0.75
16.317429	214.60	0.60
16.337251	212.43	1.19
16.354228	214.83	1.20
16.374888	211.21	0.50
16.391886	209.51	0.82
16.410706	212.95	0.94
16.431323	211.79	1.81
16.458381	217.19	0.28
16.472034	213.94	1.11
16.509932	207.95	0.12
16.553509	208.65	0.52
16.590012	208.46	0.84
16.655879	213.15	0.81
16.733528	210.25	1.10
16.797545	205.53	0.96
16.869315	205.19	0.96
16.928831	202.93	0.68
16.994774	204.32	1.09
17.091847	202.10	1.05
17.163698	198.63	1.30
17.236245	198.29	0.78
17.287896	195.88	0.50
17.311873	194.65	0.27
17.360496	190.50	0.91
17.385299	193.02	0.39
17.410026	191.89	0.27
17.434971	190.76	0.47
17.460991	193.00	0.46
17.485291	191.48	0.50
17.510868	191.59	0.05
17.534589	192.37	0.61
17.561459	192.62	0.30
17.586251	196.96	0.86
17.612004	195.79	0.24
17.637878	193.21	1.23
17.665057	194.38	0.56
17.691214	191.52	1.33
17.717049	189.52	0.56
17.74375	190.41	0.24
17.769713	191.70	0.33
17.797574	187.25	0.66
17.825432	191.21	1.24
17.854603	189.52	0.72
17.880995	190.26	1.19
17.907158	191.72	0.26
17.935988	188.54	0.98
17.965825	188.66	0.10
17.992042	188.96	0.64
18.02445	187.79	1.10
18.050092	187.73	0.50
18.081597	188.64	0.47
18.110627	188.59	1.48
18.139755	184.88	0.23
18.173163	189.01	1.13
18.201792	185.65	0.95
18.232181	188.88	0.47
18.264682	188.52	1.16
18.295805	189.03	0.19
18.324393	187.12	0.84
18.360352	188.73	0.18
18.391159	188.21	1.16
18.422425	188.47	0.75
18.457829	187.45	1.07
18.486591	187.09	0.70
18.519994	187.67	0.14
18.582943	188.57	0.62
18.677396	193.90	0.50
18.747045	191.27	1.01
18.803635	192.97	1.10
18.835152	188.44	0.82
18.866913	188.50	0.53
18.993816	192.71	1.75
19.152786	191.09	1.12
19.282155	191.58	0.84
19.442725	191.52	1.30
19.568151	188.95	0.25
19.629493	191.42	0.59
19.791188	193.60	0.53
19.883882	196.06	0.42
20.018696	193.72	0.75
20.213307	190.47	1.21
20.407601	189.99	0.65
20.536804	193.93	0.69
20.666489	187.76	0.93
20.828392	192.66	1.09
20.964428	190.87	0.82
21.06769	188.40	0.87
21.212702	190.05	0.07
21.345184	187.24	1.16
21.562853	185.23	0.31
21.790593	187.96	0.22
21.913629	190.78	0.95
22.055594	187.38	1.55
22.230886	191.27	0.99
22.2922	187.22	0.45
22.3476	187.02	1.25
22.5501	184.68	0.20
22.6041	185.21	1.63
22.6508	188.49	0.23
22.7493	190.01	0.25
22.8336	186.13	0.13
22.994	189.40	1.13
23.0138	190.53	0.64
23.1073	190.08	0.82
23.185	188.60	0.87
23.2767	197.67	1.29
23.3584	193.53	1.72
23.4452	186.78	0.46
23.6005	187.99	0.41
23.8738	183.13	0.03
24.0777	184.68	0.62
24.2698	186.73	0.92
24.6436	180.57	2.72
25.1636	180.69	0.78
25.3511	182.66	0.08
25.5436	183.38	0.62
25.786	186.54	0.58
26.016	184.52	0.41
26.2545	184.57	0.52
26.315	183.77	0.53
26.4607	186.01	0.81
26.5371	185.51	0.53
26.7037	185.44	0.33
26.8578	186.43	0.22
26.9549	188.08	0.80
27.042	187.39	0.21
27.0848	186.27	0.06
27.1702	194.93	0.48
27.2801	190.06	0.47
27.4419	191.95	0.84
27.5028	191.23	1.92
27.5497	191.53	1.94
27.5864	191.95	0.38
27.6613	191.46	0.69
27.687	192.71	0.08
27.7141	190.61	1.64
27.7186	189.30	0.32
27.8207	187.59	0.87
27.8664	190.58	0.49
27.885	189.28	0.12
27.9271	188.99	0.39
27.9732	189.29	0.31
28.0973	189.96	0.64
28.2141	191.82	0.28
28.2716	191.59	0.32
28.3697	192.63	1.67
28.4139	189.16	0.24
28.4269	189.65	0.56
28.5774	193.10	0.05
28.6264	192.82	0.16
28.7243	193.80	0.20
28.8419	193.89	0.34
28.9027	192.69	0.54
28.9486	193.26	0.73
29.0089	192.87	0.49
29.1507	192.26	0.17
29.2053	188.10	0.03
29.2496	192.39	0.97
29.3239	191.01	0.89
29.3661	189.83	0.30
29.4102	189.21	0.66
29.6092	189.24	0.04
29.6812	189.77	0.25
29.7428	191.28	0.27
29.8378	190.97	0.16
29.9521	191.38	1.23
29.999	191.57	0.22
30.1015	188.25	0.59
30.1817	188.48	0.62
30.2779	186.52	0.08
30.3127	185.99	0.60
30.4005	184.30	0.30
30.5288	182.94	0.43
30.713	187.14	0.20
30.7757	190.33	0.73
31.1052	188.00	0.06
31.3564	188.48	0.78
31.5241	189.95	0.36
31.7921	193.71	1.23
31.8184	192.93	1.13
31.9339	192.51	0.11
32.0269	193.33	0.43
32.0796	193.91	1.12
32.1475	196.42	0.49
32.1506	196.91	1.31
32.3079	192.47	1.94
32.3612	195.25	0.28
32.4348	194.11	0.53
32.5111	194.61	0.37
32.5946	194.43	0.41
32.6778	195.08	0.29
32.7141	195.94	0.26
32.8131	199.30	2.55
32.8809	196.70	0.80
33.009	196.33	0.46
33.1483	197.65	0.22
33.4175	196.90	0.54
33.4914	197.13	0.41
33.5553	197.80	0.27
33.7581	200.03	0.69
33.841	195.63	0.74
33.8857	195.27	0.45
33.9075	194.46	0.66
33.9259	194.47	0.03
33.957	196.47	0.45
33.9915	195.41	0.33
34.0642	195.93	1.02
34.1903	194.89	0.62
34.2508	195.79	0.76
34.3128	196.27	0.24
34.3344	196.20	0.32
34.5569	199.65	0.74
34.6026	199.49	0.64
34.62	200.29	0.43
34.6478	198.89	0.98
34.7106	197.16	1.20
34.8256	202.80	0.03
34.8668	203.09	0.48
35.0896	198.78	0.57
35.1658	203.60	0.36
35.2817	205.38	0.10
35.337	204.47	1.22
35.3594	203.62	0.87
35.383	201.36	0.26
35.4458	200.30	0.80
35.4971	201.06	1.01
35.5085	202.04	0.90
35.5307	201.89	0.65
35.568	201.83	0.99
35.6725	201.81	0.24
35.7016	200.50	0.63
35.8546	203.29	1.07
35.9483	198.80	0.37
36.0865	204.12	1.32
36.1731	201.78	0.23
36.2618	200.09	0.63
36.5063	198.96	0.95
36.5918	205.10	1.14
36.6696	203.77	0.16
36.7128	203.75	0.01
36.8202	202.76	1.16
36.9398	203.51	0.23
37.0234	206.36	1.13
37.1186	210.16	0.89
37.1432	207.35	0.16
37.2965	208.25	0.95
37.302	209.66	0.59
37.3381	206.59	0.12
37.431	212.51	1.47
37.4613	209.84	0.53
37.6186	214.30	0.40
37.6475	212.14	0.72
37.7772	212.09	1.62
37.895	214.21	1.09
38.0003	211.21	0.68
38.0885	214.36	1.48
38.1656	208.34	0.59
38.1924	206.52	0.45
38.2842	207.41	0.17
38.3592	208.00	0.67
38.4128	210.79	0.64
38.4729	207.23	0.04
38.5332	210.08	0.40
38.5736	208.23	1.98
38.6218	204.79	0.46
38.6708	204.46	0.74
38.7234	206.54	0.31
38.8126	206.09	0.26
38.8747	205.65	0.02
38.9556	205.99	1.31
38.9768	202.34	1.42
39.0536	204.28	0.68
39.1205	207.32	0.20
39.2657	208.69	1.70
39.3032	209.50	0.47
39.3199	209.33	0.48
39.3398	207.87	0.79
39.3794	204.78	1.06
39.4029	191.53	0.90
39.4544	198.14	1.03
39.5154	200.40	1.36
39.621	195.70	2.08
39.7092	196.67	1.06
39.7571	193.58	1.16
39.885	193.87	0.20
39.9005	197.55	0.67
40.0427	192.60	2.21
40.1121	193.08	0.44
40.1453	193.69	0.42
40.3084	197.90	1.39
40.48594648	201.32	1.37
40.55344	201.48	1.09
40.7543	200.47	0.74
40.9073886	200.97	1.92
41.16790404	201.53	1.88
41.3035942	204.19	1.54
41.6059736	205.49	0.99
41.7592075	201.12	1.00
41.9006868	199.89	1.36
42.3158175	200.90	1.24
42.6283001	204.83	0.19
42.849867	206.35	1.07
42.9680782	204.26	0.76
43.171885	203.16	1.43
43.3506625	201.66	1.81
43.51582055	204.22	0.86
43.66115755	203.18	1.05
43.80901	201.69	1.13
44.09519615	204.31	0.92
44.2044464	202.00	0.52
44.350465	206.22	1.86
44.4905025	204.83	1.32
44.655535	212.29	0.85
44.8160105	210.44	0.56
44.996157	211.49	0.35
45.142015	207.95	0.71
45.2803875	213.92	0.82
45.4603224	214.50	0.81
45.696055	217.51	2.16
45.87710855	222.72	0.33
46.0573338	221.77	1.74
46.181255	219.25	1.19
46.3085475	218.35	1.45
46.635902	216.42	1.44
46.7464378	214.18	0.99
46.887935	210.84	1.50
47.086275	210.27	0.53
47.3149762	207.60	1.20
47.5243569	204.26	0.98
47.71039	203.79	0.39
47.9437511	205.66	0.97
48.22318175	206.18	2.05
48.42786	200.98	0.56
48.98795265	201.58	0.88
49.3029804	200.12	0.40
49.46265525	204.06	1.22
49.728315	203.87	1.26
50.00651	204.38	1.65
50.2205469	206.74	0.48
50.52741475	207.41	0.46
51.0291701	207.64	0.91
51.4314466	211.57	0.39
51.77953	215.08	1.77
52.08681985	213.82	0.73
52.3847809	219.08	0.28
52.573676	220.72	0.36
52.8007425	221.15	1.09
53.1082525	223.72	1.68
53.40045315	223.26	0.89
53.80625205	221.14	1.49
54.1566032	220.37	0.85
54.387125	217.96	1.84
54.6946125	213.89	1.14
55.01448765	216.86	0.61
55.29345915	208.19	0.72
55.55313	214.78	0.55
55.9095374	210.27	1.23
56.2371294	207.67	0.81
56.5035825	212.44	0.67
57.21094265	215.70	0.63
57.476265	217.38	2.49
57.8437247	223.72	0.49
58.2170123	224.35	0.80
58.43332	223.15	1.22
59.10506915	231.29	0.15
59.380405	226.35	1.37
59.73346935	223.45	0.70
60.10988307	216.66	0.84
60.37305923	212.87	0.71
60.5166315	217.25	0.60
60.81761723	213.78	1.38
61.06087747	207.95	1.26
61.23484403	210.57	1.01
61.5541108	210.90	0.70
61.9007233	206.38	1.20
62.55200602	202.56	0.95
62.77457333	202.71	2.34
62.96089567	200.15	0.65
63.55579267	197.40	1.22
63.89687993	197.24	0.78
64.11377897	199.73	1.31
64.65729413	203.70	0.51
64.8674226	201.67	1.19
65.04672067	199.17	0.66
65.5464465	208.98	3.34
65.7645127	198.17	0.74
65.93723267	200.59	1.46
66.4393055	204.39	2.87
66.95971067	207.21	1.69
67.3145875	201.14	2.00
67.7296785	203.76	1.06
68.1461885	200.17	1.62
68.61999347	203.43	0.57
69.0815285	205.42	0.89
69.59201713	211.26	1.13
70.0521648	215.55	1.78
70.42726267	220.33	0.55
70.92887217	225.17	1.38
71.27916903	235.02	1.24
71.69365023	237.56	0.75
72.09281487	239.46	0.88
72.49015	232.79	0.94
72.86604367	232.33	0.97
73.21931633	230.89	2.09
73.75095567	232.74	0.94
74.22148233	231.33	0.70
74.525645	241.24	0.98
75.0679515	243.27	1.62
75.54513367	249.52	0.74
75.8506505	249.94	0.63
76.24747217	239.34	1.12
76.696736	238.01	1.98
77.0564805	231.68	1.54
77.615915	224.92	1.30
78.080753	226.65	0.84
78.50795	224.14	0.65
78.96954013	227.30	0.56
79.410363	229.26	1.34
79.877758	234.74	0.72
80.3303625	230.60	0.62
80.7217855	233.92	1.46
81.2069425	230.33	0.80
81.711431	234.13	1.17
82.0687905	238.89	0.94
82.5267192	240.87	1.64
82.988261	246.32	0.70
83.55411217	247.10	1.00
83.9409	250.79	0.80
84.3574385	243.16	0.76
84.936769	238.42	1.10
85.36746933	234.69	0.60
85.89069383	228.76	1.57
86.49832453	223.38	0.72
87.027636	221.06	2.32
87.58118	223.63	0.93
88.13618	217.80	1.57
88.7010496	223.99	0.50
89.244716	227.38	1.10
89.69625753	228.88	0.58
90.317294	229.74	1.29
90.834015	231.56	0.57
91.44503067	231.12	0.57
91.949738	233.74	1.11
92.6678175	232.46	2.22
93.4247096	235.16	0.83
93.82321367	238.21	0.77
94.56854833	242.41	0.53
95.234114	242.91	1.07
95.92148317	246.20	1.54
96.47488033	245.76	0.60
97.270891	242.35	2.04
97.9274645	239.86	0.45
98.583724	243.18	0.23
99.36142233	242.99	1.01
100.0768497	245.63	1.07
100.5431783	247.87	1.10
101.325675	244.76	1.13
101.971885	240.07	0.94
102.7647767	237.07	1.75
103.30874	240.68	0.94
104.2743333	247.76	0.83
104.3312291	238.88	1.55
104.9664455	242.36	2.65
105.5071485	248.78	9.96
105.9898727	257.58	4.20
106.2563758	241.40	2.65
106.3682545	244.83	3.05
106.9748182	240.34	2.65
108.4019091	236.43	2.65
109.1294182	244.44	1.58
109.8399697	244.13	2.65
110.5553636	246.69	2.65
111.8768	257.93	2.94
112.6360606	256.79	2.65
112.9417273	263.12	2.65
113.1192697	264.75	3.64
113.6786364	260.58	2.65
114.25	267.90	2.65
114.8153939	275.07	2.65
115.4466727	276.96	1.63
115.9085758	273.16	2.65
116.4755758	273.63	2.65
117.1855545	274.03	2.65
117.6193636	274.98	4.03
118.6582697	277.72	2.65
119.2425152	267.74	2.65
119.7155	274.59	1.30
120.1441212	268.73	2.65
120.5429091	276.82	2.65
121.4260152	279.48	2.26
121.8419697	276.61	2.65
122.1000018	278.25	3.40
122.2923636	279.00	2.65
123.0139545	279.16	2.65
123.6309091	274.60	6.56
123.9594848	275.87	2.65
124.4045152	281.54	2.65
124.8174545	275.52	2.65
125.2926333	276.81	2.78
126.013703	275.15	2.65
126.6999091	273.02	2.65
126.9620303	274.93	2.65
127.3138303	275.78	2.65
127.5035497	276.88	3.83
128.0244764	276.03	0.28
128.1726667	280.72	2.65
128.4667273	285.76	2.65
128.878	271.08	2.65
129.0780364	268.44	1.92
129.6556364	260.61	3.45
130.3730303	251.84	2.65
130.8183636	250.84	2.65
131.3222	241.13	1.89
131.9762424	232.28	2.65
132.7098788	228.00	2.65
132.9319576	224.63	2.65
133.7758061	222.74	2.65
134.5222788	212.43	2.65
136.5655455	203.74	0.79
137.7634242	199.18	2.65
138.834297	198.55	1.08
139.9499697	192.75	0.19
142.3605618	196.51	0.95
143.6513	194.59	2.65
144.7995909	196.02	2.65
146.1082436	193.59	0.64
148.2334655	195.81	4.05
149.4661455	201.78	2.65
150.5948848	202.51	2.65
151.4448545	202.35	1.86
153.7746576	198.78	1.73
154.8891273	196.30	2.65
156.3068182	189.38	2.65
158.666	189.00	3.00
159.716	185.50	3.00
160.155	187.50	3.00
163.858	204.30	3.00
164.33465	196.50	3.00
166.143	191.60	3.00
166.784	190.10	3.00
167.9141	186.70	3.00
168.7455	183.80	3.00
169.5144	196.60	3.00
171.939	197.80	3.00
174.442	197.70	3.00
175.83335	196.00	3.00
176.853	190.30	3.00
177.533925	189.40	3.00
177.7295	190.10	3.00
179.873	207.70	3.00
181.302	213.20	3.00
182.196	217.70	3.00
183.258	198.10	3.00
184.371	199.70	3.00
186.411	203.40	3.00
188.437	210.70	3.00
189.8065	231.30	3.00
191.2545	231.40	3.00
191.964075	220.30	3.00
193.0745	218.00	3.00
195.1265	226.50	3.00
195.7995	220.00	3.00
197.58735	226.40	3.00
198.32745	241.20	3.00
198.938	242.60	3.00
201.752	250.90	3.00
202.7445	239.10	3.00
203.842	247.60	3.00
205.203275	244.40	3.00
205.575755	231.90	3.00
205.944575	232.20	3.00
206.359935	228.60	3.00
206.89685	226.30	3.00
207.2403	229.40	3.00
207.62289	231.40	3.00
208.108775	238.10	3.00
208.274525	237.20	3.00
208.82157	230.00	3.00
209.082255	240.50	3.00
209.44504	242.20	3.00
209.966085	244.60	3.00
210.17517	243.90	3.00
210.832065	247.20	3.00
211.058465	252.00	3.00
211.577835	246.90	3.00
212.078745	239.50	3.00
212.533075	257.40	3.00
213.33035	243.40	3.00
214.15881	251.20	3.00
215.080745	241.40	3.00
215.91234	240.30	3.00
216.30615	242.60	3.00
216.864965	247.50	3.00
217.415635	251.70	3.00
217.69496	251.10	3.00
218.200785	245.30	3.00
219.067605	240.50	3.00
220.935615	214.10	3.00
221.69746	216.10	3.00
222.539575	207.10	3.00
223.129035	208.80	3.00
224.271505	205.60	3.00
226.259825	203.30	3.00
226.849835	215.70	3.00
227.719975	235.50	3.00
228.439415	234.50	3.00
228.76699	233.10	3.00
229.572045	224.50	3.00
231.12966	232.40	3.00
232.19177	233.90	3.00
232.85606	241.60	3.00
235.990855	245.20	3.00
236.426005	252.10	3.00
236.8508	241.40	3.00
237.391655	247.40	3.00
237.90553	243.10	3.00
238.425335	239.10	3.00
239.00826	245.60	3.00
239.387035	245.80	3.00
239.73866	247.40	3.00
240.190365	252.80	3.00
241.333045	259.70	3.00
241.8554	263.20	3.00
242.68546	279.00	3.00
243.13852	280.20	3.00
244.121765	263.70	3.00
244.582335	252.30	3.00
245.05701	249.90	3.00
245.564	236.70	3.00
246.18881	230.40	3.00
246.870485	219.40	3.00
249.09987	214.70	3.00
251.39057	200.20	3.00
252.132255	213.90	3.00
252.95372	195.40	3.00
253.75668	196.70	3.00
254.587105	195.40	3.00
256.29866	199.00	3.00
257.060585	201.90	3.00
257.908065	204.00	3.00
259.396895	203.90	3.00
260.89424	209.60	3.00
261.29392	205.70	3.00
262.054575	208.90	3.00
262.817095	214.60	3.00
264.58376	228.10	3.00
266.13445	199.90	3.00
267.007	211.70	3.00
268.25783	188.70	3.00
268.9955	187.20	3.00
269.94047	194.20	3.00
271.036035	198.80	3.00
272.14964	184.70	3.00
273.16583	190.40	3.00
274.164075	193.90	3.00
275.154635	194.10	3.00
276.257715	198.40	3.00
277.443	193.20	3.00
278.590905	202.20	3.00
279.619045	204.50	3.00
280.55895	211.00	3.00
281.40074	215.30	3.00
282.59289	223.70	3.00
284.43468	231.30	3.00
285.93132	228.00	3.00
286.609955	226.40	3.00
287.44386	231.40	3.00
287.82005	230.40	3.00
288.286425	231.00	3.00
290.1845	234.90	3.00
290.86379	220.40	3.00
291.56287	217.10	3.00
292.81831	207.60	3.00
293.65074	206.00	3.00
294.45529	206.70	3.00
295.364225	212.70	3.00
296.828865	213.10	3.00
298.704615	217.10	3.00
299.37628	224.40	3.00
300.115865	231.00	3.00
301.025615	236.10	3.00
302.08419	239.00	3.00
303.116	236.00	3.00
304.10092	240.20	3.00
305.09981	240.70	3.00
305.77815	250.20	3.00
306.581115	248.60	3.00
307.463265	244.80	3.00
308.3257	225.80	3.00
309.42373	227.80	3.00
310.010975	226.20	3.00
310.7761	233.20	3.00
311.670025	237.80	3.00
312.59343	239.00	3.00
313.343125	241.90	3.00
314.05185	251.60	3.00
314.83621	256.70	3.00
315.657515	257.10	3.00
316.45072	246.80	3.00
317.14987	272.60	3.00
317.932545	251.60	3.00
318.852595	245.20	3.00
319.82966	233.40	3.00
320.916335	255.80	3.00
321.817445	249.20	3.00
323.383345	257.20	3.00
324.166915	260.40	3.00
325.007405	260.30	3.00
325.823	260.50	3.00
326.59109	266.20	3.00
327.435835	264.00	3.00
328.08681	266.10	3.00
328.77075	270.10	3.00
329.41429	271.90	3.00
330.053325	275.10	3.00
331.29355	265.00	3.00
332.144115	271.70	3.00
332.79862	272.60	3.00
333.50009	273.10	3.00
333.997555	282.40	3.00
334.349495	289.10	3.00
334.543885	288.40	3.00
335.102305	298.60	3.00
335.70751	278.10	3.00
336.37754	285.80	3.00
336.86782	278.60	3.00
337.51667	270.50	3.00
338.2135	255.70	3.00
338.991435	241.90	3.00
339.98389	239.60	3.00
340.73508	234.20	3.00
342.79156	250.10	3.00
343.923585	200.70	3.00
345.00085	205.20	3.00
346.320905	204.80	3.00
347.544805	211.90	3.00
349.139085	220.30	3.00
351.676345	221.10	3.00
353.174595	216.20	3.00
354.412975	209.40	3.00
355.81777	209.20	3.00
359.01038	193.00	3.00
360.68384	186.10	3.00
362.5676	185.80	3.00
365.19023	201.20	3.00
368.0659	206.30	3.00
371.38587	201.90	3.00
373.457615	199.90	3.00
375.2046	214.70	3.00
377.03488	224.60	3.00
378.76024	229.60	3.00
382.931485	227.00	3.00
384.557445	240.00	3.00
386.28371	239.10	3.00
387.824815	246.80	3.00
389.410205	245.80	3.00
392.28725	258.10	3.00
392.9771515	259.50	3.00
394.0036909	273.60	3.00
394.906103	260.70	3.00
398.2751273	276.30	3.00
399.9261636	277.10	3.00
400.7100848	283.20	3.00
402.1409152	283.10	3.00
402.8598364	275.70	3.00
404.313297	276.50	3.00
405.0626303	280.50	3.00
406.5428	279.60	3.00
407.282497	285.60	3.00
408.8187152	284.50	3.00
409.5982364	274.70	3.00
410.4538	282.60	3.00
411.3479697	283.50	3.00
413.2586545	274.90	3.00
414.2108606	264.90	3.00
415.1795939	271.60	3.00
415.9456061	276.40	1.60
416.4253152	271.70	1.20
417.4404424	273.40	1.50
417.9567818	271.80	1.70
418.505303	274.60	1.80
419.5757818	273.70	0.80
420.1337636	271.20	1.50
420.7017636	273.80	1.60
421.9121455	268.60	1.40
422.5326545	266.40	1.80
423.225497	270.60	1.10
424.5077455	267.70	2.90
425.1322606	268.30	1.90
425.7409091	270.80	1.10
426.2372727	270.00	2.50
426.6215636	265.40	2.00
427.1549636	255.30	1.30
427.9414	252.10	0.70
428.8402	248.20	0.90
429.1783636	242.50	1.50
431.0237636	219.70	1.70
432.1793091	227.20	2.20
433.850297	211.50	1.70
434.3790727	207.60	1.30
435.9396909	209.80	1.60
437.4854182	207.50	1.30
439.0634182	200.30	1.60
440.6595818	201.70	1.60
442.2307758	201.30	1.10
443.8446485	202.00	1.50
445.3317273	199.10	1.10
447.2191818	201.10	0.90
448.4591818	203.50	0.60
449.5710364	208.10	1.80
450.6428909	201.70	1.70
451.7472788	201.20	2.10
452.7358364	204.90	1.40
453.7756424	201.90	1.80
454.8643091	198.40	1.30
456.0016121	193.30	1.60
457.1144364	192.50	1.00
457.7451273	199.10	0.60
458.2082909	204.30	1.00
458.7940061	203.30	1.00
459.2115515	208.30	1.40
460.2522121	202.40	1.30
461.2860606	195.50	0.80
462.414103	190.70	1.90
463.5266485	194.40	0.70
464.5994727	199.90	2.60
465.2653636	205.20	0.90
465.6017273	210.00	0.70
466.632297	208.10	2.20
467.7066424	204.40	1.90
468.8777091	203.40	1.20
470.0401273	205.50	0.90
470.7259758	206.50	0.90
471.2007939	215.50	2.30
471.8245333	218.70	0.90
472.2630667	229.20	1.40
472.8632727	232.70	0.70
473.2178182	243.70	1.80
473.8008485	243.90	1.10
474.0923636	245.60	0.90
474.9741091	241.20	1.70
475.9252	233.10	0.60
476.9498	232.80	1.10
477.941	236.60	1.00
478.8924606	239.10	0.90
479.4029515	236.50	1.20
479.7756909	231.30	1.00
480.328297	220.80	0.70
480.7266848	218.80	2.30
481.6629636	223.80	1.40
482.5809636	223.40	1.70
483.3953818	227.30	1.30
484.1797879	231.40	1.10
484.9361818	231.40	1.30
485.6675212	231.20	1.20
486.3986727	233.00	1.40
487.1292545	232.90	1.20
487.8480667	231.30	1.20
488.5654545	237.10	1.80
489.3020909	242.00	0.20
489.7197939	240.90	0.40
490.0262909	252.80	2.50
490.4949091	249.30	2.70
490.7339515	242.60	0.60
491.4510788	243.30	1.30
492.1545455	246.70	1.60
492.8637758	243.70	1.40
493.5931091	239.70	1.90
494.3003939	239.10	1.20
495.0241273	238.30	2.00
495.7256909	238.50	1.40
496.4440667	237.60	1.60
497.1876303	236.40	2.10
497.9659758	236.50	1.70
498.7374182	232.80	0.80
499.5267818	230.60	0.50
500.3047818	230.80	1.00
501.0839636	228.20	1.70
501.8614242	230.80	1.40
502.6376364	231.20	0.80
503.4189273	232.00	1.60
504.1771879	232.20	1.40
504.9117818	234.10	0.80
505.6842424	233.90	1.10
506.4837333	235.50	1.80
507.3124	236.00	2.10
508.1177212	238.20	0.90
508.9409818	237.00	0.80
509.7849818	240.30	0.70
510.6523273	233.40	1.00
511.5124485	236.40	1.40
512.3637818	235.20	0.50
513.2047394	242.00	0.80
514.0331152	238.20	1.00
514.8477818	239.20	1.20
515.6507758	241.50	1.30
516.4209818	243.00	0.50
517.1549818	247.20	2.20
517.8760121	246.20	2.60
518.6004606	245.50	1.10
519.3291273	245.30	1.30
520.0733576	247.70	1.40
520.8218061	245.50	0.80
521.5744727	243.50	0.70
523.8018242	241.90	1.40
524.5708667	236.80	0.80
525.337	235.80	1.20
526.107	233.70	0.70
526.8958061	230.30	0.80
527.6986909	227.80	0.60
528.5166909	224.70	1.90
529.4034303	222.70	1.00
530.2905091	221.20	1.20
531.2013818	220.30	0.50
532.0787576	220.70	0.90
532.5925273	214.50	0.50
532.9875697	211.40	2.20
533.5543697	204.40	0.60
533.9322364	200.00	0.80
534.6681818	195.10	0.70
535.0435636	193.80	0.80
535.6950545	190.50	1.70
536.1784727	199.80	1.20
537.3344727	199.40	0.80
538.4407636	205.00	0.90
539.5138182	206.40	0.70
540.5838182	212.90	1.30
541.6538182	211.20	0.70
542.7402061	205.00	0.80
543.8448727	203.60	1.20
544.8859879	208.10	0.80
545.8649091	210.30	1.60
546.8301455	209.60	1.60
547.8066788	209.70	0.80
548.7707758	204.60	1.90
549.7201091	202.50	1.60
550.2307273	208.80	0.70
550.5825455	213.60	0.90
551.3810909	215.20	0.50
552.1110909	219.90	0.50
552.6815636	221.70	1.40
553.0209212	222.30	0.90
553.2459879	226.30	0.90
553.6193939	222.10	1.10
553.8086545	220.30	0.30
554.4796182	223.60	1.10
555.1583455	224.30	2.20
555.8423455	226.70	1.20
556.4070242	233.90	1.50
556.9232909	241.00	1.40
557.1986545	243.00	0.80
557.3850545	249.10	2.10
557.6571394	244.00	1.50
557.8382061	250.50	0.80
558.1545636	245.60	1.30
558.3060182	240.40	0.90
558.7776909	238.10	1.20
559.3160061	234.50	1.00
559.6367636	229.70	0.40
559.8726182	230.20	0.70
560.4366182	230.30	1.50
560.9656	228.30	0.90
561.4507394	231.60	1.20
561.8880727	231.90	1.20
562.3104909	234.60	1.50
562.6556	234.10	0.90
563.1348545	240.10	2.10
563.5357394	242.30	0.50
563.927897	245.70	1.80
564.3105636	245.80	0.50
564.7243576	247.60	1.50
565.134297	251.40	1.70
565.5389636	252.40	1.70
565.8956424	252.60	1.00
566.245303	251.40	0.70
566.5886364	253.70	0.80
566.9183515	254.30	1.60
567.2394909	253.90	0.70
567.5486545	254.50	1.60
567.8848909	253.20	0.90
568.2041394	253.90	1.20
568.5342364	252.80	1.10
568.9301455	253.00	0.60
569.3145939	250.20	0.40
569.6839273	251.30	1.30
570.0672485	250.00	1.30
570.4634606	251.30	1.30
570.8621273	251.80	1.20
571.2614424	251.80	1.30
571.6333576	249.60	0.50
571.9746909	251.60	1.70
572.3155	250.30	1.04
572.6698727	246.31	1.15
573.0535167	247.66	0.68
573.47575	249.19	1.08
573.9130167	248.72	0.39
574.3646545	251.77	1.78
574.806	251.86	0.70
575.2339636	252.08	1.30
575.6545333	248.86	0.98
576.11285	252.54	0.52
576.5991	252.90	1.06
577.1151	251.30	1.06
577.65385	251.34	1.13
578.19635	251.08	0.60
578.74235	249.06	0.48
579.28055	252.92	1.07
579.8331167	251.47	1.80
580.2105045	244.14	1.67
580.4017833	243.81	0.87
580.8140045	236.17	0.30
581.11865	230.26	0.57
581.5465273	225.21	1.57
581.9283	219.41	0.81
582.4545273	215.45	1.07
582.8363	209.88	1.18
583.5742545	206.68	0.51
583.9588	210.64	0.64
586.7208424	223.96	0.87
587.17185	225.99	1.45
587.8886682	234.40	0.50
588.27935	238.78	0.98
588.9409045	246.35	1.80
589.42535	250.20	0.40
590.0401455	248.10	0.56
590.4888	243.56	0.76
591.0194667	237.38	0.75
592.3834712	225.68	1.13
592.7855167	229.39	1.25
593.5612455	233.16	0.28
594.0467545	238.15	0.89
594.8638121	237.98	1.05
595.4364667	232.92	0.60
596.2215576	221.22	1.77
596.7911333	216.44	0.91
597.8036136	216.27	1.48
598.32975	219.02	1.00
599.2182182	225.97	1.14
599.8146318	229.38	1.39
601.25515	232.45	1.30
602.60075	237.86	0.79
603.94915	239.14	1.09
605.30315	244.53	0.70
606.6259091	248.48	1.68
607.9793	254.58	1.22
609.2473	259.22	1.82
610.4295	257.74	0.46
611.5510127	257.82	2.11
611.6006333	259.68	1.16
612.7619667	258.14	1.41
613.9428	256.19	0.39
615.1406	252.75	1.06
616.2991164	252.90	0.62
616.3566	252.73	0.94
617.6095682	252.64	1.06
618.95375	248.29	1.00
620.28375	245.89	0.29
621.65145	243.53	0.81
622.9507327	243.89	2.84
623.05495	239.19	0.83
624.49695	237.93	1.02
625.3979242	235.02	0.35
626.0475	228.51	0.88
626.9694273	215.71	0.48
627.8301	205.76	0.94
629.1396182	199.52	0.77
629.7698527	205.27	0.87
629.8661	200.78	0.50
631.5263227	200.46	1.81
632.3569409	196.50	1.51
634.0775379	193.10	1.55
634.8811448	195.95	1.53
635.0090333	194.86	1.76
636.5215606	194.00	0.66
637.7143667	195.33	1.85
639.4182652	188.85	0.96
640.37225	190.18	0.50
642.0746045	191.38	1.05
642.85665	191.56	1.13
644.3008273	195.31	1.25
645.15065	195.82	0.95
646.376947	189.89	2.02
647.25485	191.85	1.00
648.6124182	193.48	0.74
649.1911	196.17	0.44
650.3484636	189.25	1.22
650.9471	193.44	0.71
652.1042636	187.27	0.54
652.70895	186.79	0.97
653.73025	192.87	1.85
654.43865	194.82	0.98
655.52435	200.00	0.53
656.13265	200.35	0.75
657.1810909	192.93	0.65
657.6542061	189.23	1.78
657.722	190.88	0.87
658.7641	184.10	0.29
659.29382	187.38	1.06
659.4119	185.68	0.41
660.46355	188.43	0.95
661.11832	193.97	0.99
661.2159	191.59	0.77
662.2821773	189.69	1.52
662.7966095	193.91	2.12
662.87755	190.86	1.02
663.9375152	191.02	1.20
664.3204	192.55	1.30
664.4080909	187.77	0.83
665.3219394	180.17	1.12
665.8365212	180.54	1.12
666.75336	174.77	1.04
667.4098573	173.71	1.38
668.4152636	177.71	0.68
668.9155376	180.67	0.71
669.8192988	187.66	0.18
670.2963188	191.51	0.92
671.0707455	194.88	0.97
671.4579261	196.83	0.69
672.1508827	194.79	0.58
672.7613824	197.13	0.99
673.6961061	201.12	1.00
674.2293779	204.67	0.73
675.0284	211.69	0.58
675.4065333	216.12	0.81
676.5307364	222.57	0.76
677.1523091	219.96	0.61
677.6007364	216.59	0.93
678.3281818	218.21	1.38
678.7416194	220.09	1.52
679.4553739	229.16	0.81
679.7351745	232.70	0.90
680.3125848	233.61	0.55
680.6276079	233.11	1.16
681.2256733	225.81	1.21
681.6699267	227.90	1.32
682.3437121	221.31	0.89
682.7400858	219.14	0.95
683.4578635	220.24	1.68
683.8287524	222.70	0.60
684.4236818	225.64	1.65
684.7580591	224.36	1.29
685.2948436	221.82	0.77
685.6798655	220.62	0.70
686.2691091	220.63	1.39
686.5818109	222.62	1.05
687.1540442	222.70	1.05
687.4454973	222.97	1.24
688.0003818	226.73	1.00
688.3001345	227.65	1.34
688.8098703	227.64	1.14
689.1578255	230.67	1.66
689.6932576	232.07	1.29
689.9514515	232.27	1.49
690.4746527	235.80	0.99
690.7363912	236.45	0.53
691.2218348	239.29	1.05
691.4676685	238.42	1.24
691.9679624	239.38	1.95
692.3183436	243.56	0.56
692.8324591	239.30	1.27
693.0770924	238.47	2.15
693.574043	243.70	2.10
693.8212929	237.76	0.84
694.2803485	239.34	0.99
694.5368242	240.46	0.71
694.9491382	239.31	0.91
695.2592618	239.80	1.42
695.7323091	236.80	0.57
695.98188	238.74	1.46
696.4348897	238.05	1.52
696.6448345	238.13	1.28
697.0902909	239.44	0.96
697.3424521	238.42	1.11
697.7466752	239.88	1.27
698.0390036	241.03	0.79
698.5055382	240.90	1.92
698.7532309	241.83	0.73
699.2157512	238.86	1.02
699.4390188	239.01	0.65
699.8647076	239.73	0.80
700.1036855	237.21	0.55
700.4850242	236.72	0.65
700.8148382	236.61	0.48
701.2685273	235.42	0.97
701.5245236	232.46	0.54
701.9931491	230.88	1.02
702.2009236	232.16	0.75
702.7342727	232.18	1.62
703.0099848	230.59	0.26
703.4685218	233.35	1.26
703.7960732	232.28	1.12
704.2505218	232.83	0.52
704.5818055	233.54	1.36
705.0533442	234.04	0.46
705.2439091	235.09	1.68
705.7269518	237.18	1.33
706.0531982	237.66	1.57
706.4929518	236.05	1.75
706.7107395	236.05	0.93
707.3106973	238.85	0.80
707.6437255	233.51	1.46
708.1996806	233.58	1.00
708.4134485	233.11	1.01
708.9591515	234.84	1.15
709.4537879	231.43	0.86
709.9095455	230.51	0.99
710.4564545	227.03	0.73
710.9833564	224.90	0.62
711.3990436	225.39	0.29
712.0214655	224.12	1.49
712.2437273	224.00	1.45
713.3125	223.89	0.47
714.0655782	227.64	1.61
714.403797	227.08	2.01
715.1157327	223.14	0.59
715.5653764	227.58	0.55
716.310163	213.60	0.66
716.5859091	210.51	1.65
717.3482727	198.43	1.17
717.9554848	189.88	1.13
718.7783485	193.46	1.64
719.2871818	200.82	0.75
720.0872855	212.03	0.84
720.5907595	217.04	0.90
721.4075168	219.20	1.18
721.6898636	218.96	1.27
722.5058105	216.10	2.02
722.9945945	212.11	0.69
723.7802267	212.55	1.77
724.142	214.01	1.19
724.9753555	210.48	0.37
725.4744314	211.49	1.28
726.2495918	211.08	1.07
726.5768636	211.43	0.77
727.8985024	210.07	1.62
728.5939021	210.24	0.83
728.9875303	211.08	0.78
729.8369385	210.01	1.01
730.2603145	212.17	1.72
730.9083136	210.16	0.69
731.1842273	210.70	0.34
731.861	211.62	0.36
732.32175	213.73	1.89
732.9935	208.11	1.24
733.329	207.72	0.81
734.02223	210.60	1.03
734.46262	216.15	1.81
735.1345709	214.66	0.71
735.4099091	217.88	0.83
736.1073055	217.19	1.38
736.5222182	213.14	1.66
737.2698194	206.92	1.56
737.6601155	204.52	1.49
738.5809945	191.74	0.93
739.1745555	185.61	0.33
740.1064525	185.40	2.38
740.4609242	183.39	2.40
741.3299024	184.77	2.07
741.8741339	189.14	1.31
742.6447491	188.65	2.71
743.0621697	187.33	0.72
743.9590764	188.18	0.91
744.5231418	188.97	0.90
745.6710455	187.29	1.24
746.6199261	190.24	0.42
747.1770376	187.92	0.32
747.9401958	187.95	1.27
748.3368809	187.54	0.84
749.2629345	188.68	1.26
749.8141787	190.17	1.76
750.7064409	192.08	1.57
751.03625	191.30	1.38
751.9738682	193.55	1.88
752.5658818	197.50	1.30
753.4890691	195.43	0.34
753.9346545	203.90	1.84
755.1145776	199.05	1.70
755.5868285	203.30	1.53
756.5661685	208.10	1.96
756.8506803	209.45	1.36
757.7854509	213.61	2.15
758.3624158	218.35	2.34
759.1356915	222.72	1.50
759.5618788	226.94	1.42
759.8782121	223.02	0.68
760.1082727	225.37	1.75
760.5160552	225.62	2.33
760.9399418	222.71	1.23
761.8644882	216.64	0.75
762.166043	214.69	1.12
763.1018036	214.00	1.86
763.7705842	219.95	0.23
764.6768824	223.89	2.06
765.1818166	222.93	0.92
765.5866364	233.66	3.05
765.8514848	229.41	2.67
766.1885045	232.12	1.38
766.8089121	230.62	0.89
767.7471624	224.86	1.56
768.1172576	223.82	0.51
769.0613844	221.64	0.41
769.6514236	225.87	0.95
770.5991467	230.63	2.11
771.0206667	229.56	1.80
771.5193333	236.32	1.64
771.8126667	234.24	1.61
772.1752645	239.71	1.87
772.4745636	243.89	1.10
772.7379595	246.49	2.17
772.9956364	243.85	2.09
773.2498182	246.03	2.45
773.6844691	237.78	1.51
774.0441364	239.23	1.00
774.9588082	238.39	2.26
775.5380111	241.74	0.87
776.3322588	245.32	0.36
776.782697	248.92	0.63
777.6817497	247.30	2.01
778.2327918	252.46	0.67
779.0579836	254.93	0.48
779.3675455	254.69	1.13
780.1889227	254.43	2.36
780.7194364	252.52	0.93
781.5628318	257.21	0.60
781.8866818	251.51	0.70
782.7284497	257.44	0.65
783.1985297	255.02	1.06
784.2617559	260.92	2.51
785.0340824	255.85	0.66
785.5190509	259.66	0.24
786.1896018	262.23	2.57
786.563257	264.35	1.38
787.3555127	269.36	1.26
787.8035691	266.00	0.73
788.47924	257.20	1.52
788.6918715	257.02	2.69
789.4940409	238.64	0.78
789.9530091	235.49	2.99
790.6394052	227.38	0.84
791.0568827	230.55	1.77
792.0307836	224.69	3.67
792.6173012	214.45	2.53
793.5193889	213.36	1.60
793.8527583	218.39	1.93
795.1224545	208.79	1.67
795.6873182	204.62	1.99
796.8525909	198.79	2.10
797.3788182	197.91	1.42
798.6812979	200.49	2.19
801.2360591	198.68	1.74
802.8720874	198.66	0.98
803.7092524	202.65	1.04
803.9252844	202.92	2.06
804.0098706	207.50	0.92
804.5226746	204.86	1.64
805.1324423	202.23	0.69
805.6688684	207.29	2.20
