#using CO2 from Dana Dec2016						
Age	Age.er	CO2	do.er	up.er	er	method
0.95	0.038	244.1667	153.0163	403.086	125.0348	psols
1.07	0.0428	213.8478	134.0158	353.0335	109.5089	psols
1.16	0.0464	334.6665	209.7313	552.4887	171.3787	psols
1.23	0.0492	216.528	135.6954	357.4582	110.8814	psols
1.48	0.0592	210.0866	131.6587	346.8243	107.5828	psols
1.48	0.0592	238.9451	149.7439	394.4657	122.3609	psols
1.52	0.0608	302.6087	189.6411	499.5657	154.9623	psols
1.56	0.0624	229.9756	144.1229	379.6584	117.7677	psols
1.56	0.0624	281.728	176.5555	465.0945	144.2695	psols
1.64	0.0656	207.4455	130.0035	342.4642	106.2303	psols
1.64	0.0656	246.5004	154.4787	406.9385	126.2299	psols
1.73	0.0692	238.7027	149.592	394.0655	122.2368	psols
1.82	0.0728	229.8261	144.0292	379.4115	117.6912	psols
1.94	0.0776	251.6517	157.707	415.4426	128.8678	psols
1.94	0.0776	307.0511	192.4251	506.8995	157.2372	psols
2.12	0.0848	299.14	187.4673	493.8393	153.186	psols
2.12	0.0848	299.7618	187.857	494.8659	153.5044	psols
2.14	0.0856	277.5385	173.9299	458.1782	142.1241	psols
2.2	0.088	337.6221	211.5836	557.368	172.8922	psols
2.26	0.0904	341.8005	214.2021	564.266	175.0319	psols
2.26	0.0904	386.9812	242.5163	638.8531	198.1684	psols
2.34	0.0936	405.306	254.0003	669.1049	207.5523	psols
2.56	0.1024	385.0266	241.2914	635.6264	197.1675	psols
2.56	0.1024	399.7628	250.5264	659.9537	204.7137	psols
5	0.2	324	162	648	243	psols
5.5	0.22	222	112	524	206	psols
6.4	0.256	213.2518	117.6052	375.9591	129.177	psols
6.65	0.266	283.1703	154.0422	531.1711	188.5644	psols
6.8	0.272	371.5013	227.0504	663.4965	218.223	psols
7.1	1.8	468	234	936	351	psols
7.66	0.13	292	146	584	219	psols
8.75	0.35	273.7877	173.1984	476.1187	151.4601	psols
9	2	204	102	408	153	psols
10.55	0.65	448	224	896	336	psols
12.7	0.508	267.1474	130.7894	624.4071	246.8089	psols
12.8	0.512	273.3352	192.5341	354.1364	80.8012	psols
13	2	296	148	592	222	psols
13.14	0.5256	369.9009	186.7322	553.0696	183.1687	psols
15.61	0.6244	472.9987	425.2547	520.7427	47.744	psols
15.98	0.6392	333.2807	281.4754	385.086	51.8053	psols
16.13	0.6452	288.6996	231.1968	346.2025	57.5028	psols
17.5	0.7	260.5952	125.3709	609.4522	242.0406	psols
17.8	0.712	237	73	1017	472	psols
18.2	0.728	274	183	400	108.5	psols
21	0.84	312	156	624	234	psols
23	0.92	203.0026	97.103	492.5105	197.7037	psols
25.55	2.55	588	294	1176	441	psols
34.17	1.3668	399.28	126.96	671.6	272.32	psols
45	1.8	780	390	1560	585	psols
50.4846	2.0194	683.761	574.359	806.838	116.2395	psols
50.7313	2.0293	396.581	246	533.333	143.6665	psols
51.1101	2.0444	1285.47	1025.64	1531.62	252.99	psols
51.14	0.1	725	640	800	80	psols
51.2335	2.0493	1353.85	1258.12	1449.57	95.725	psols
51.3744	2.055	970.94	834.188	1107.69	136.751	psols
51.4626	2.0585	1709.4	1435.9	2000	282.05	psols
51.5154	2.0606	1299.15	1066.67	1490.6	211.965	psols
51.7797	2.0712	902.564	738.462	1067	164.269	psols
51.84	0.1	1210	1030	1400	185	psols
51.9	0.1	1260	1075	1440	182.5	psols
51.9824	2.0793	300.855	218.803	382.906	82.0515	psols
52.57	0.1	750	630	880	125	psols
52.81	0.1	400	275	530	127.5	psols
54.166	0.3	813.6	406.8	1627.2	610.2	psols
54.856	0.3	230.8	115.4	461.6	173.1	psols
55.5	0.5	328	164	656	246	psols
56.166	0.3	460.8	230.4	921.6	345.6	psols
56.491	0.3	486.8	243.4	973.6	365.1	psols
56.5	0.5	428	214	856	321	psols
56.709	0.3	579.2	289.6	1158.4	434.4	psols
57.309	0.3	816.4	408.2	1632.8	612.3	psols
57.72	0.3	474	237	948	355.5	psols
63.6	2.544	234.6482	188.189	281.1074	46.4592	psols
63.7	2.548	212.0515	148.0008	276.1023	64.0508	psols
64.7	2.588	288.9413	188.192	389.6905	100.7493	psols
64.815	0.145	400	200	800	300	psols
65	2.6	357.493	260.1619	454.8242	97.3311	psols
65.1	2.604	277.6581	200.0862	355.2299	77.5719	psols
65.2	2.608	360.4837	188.7946	532.1728	171.6891	psols
65.325	0.365	340	170	680	255	psols
65.4	2.616	297.7736	196.4038	399.1433	101.3697	psols
65.875	0.375	300	150	600	225	psols
66.24	1	277.3323	138.6662	554.6646	207.9992	psols
66.5	2.66	491.867	395.4916	588.2424	96.3754	psols
66.64	1	263.3141	131.657	526.6282	197.4856	psols
66.71	1	452.7584	226.3792	905.5168	339.5688	psols
66.86	1	425.7664	212.8832	851.5329	319.3248	psols
66.93	1	265.476	132.738	530.9519	199.107	psols
66.99	1	219.1371	109.5685	438.2741	164.3528	psols
67.175	0.925	300	150	600	225	psols
67.175	0.925	560	280	1120	420	psols
69.05	3.05	252	126	504	189	psols
69.05	3.05	328	164	656	246	psols
69.25	1	202.2382	101.1191	404.4764	151.6787	psols
69.53	1	344.5674	172.2837	689.1349	258.4256	psols
69.69	1	203.5773	101.7886	407.1545	152.6829	psols
69.88	1	309.1113	154.5557	618.2226	231.8335	psols
70	1	375.46	187.73	750.92	281.595	psols
70.06	1	328.6733	164.3367	657.3467	246.505	psols
71.35	1	254.2082	127.1041	508.4164	190.6562	psols
71.45	1	289.2475	144.6238	578.4951	216.9356	psols
71.6	1	294.3462	147.1731	588.6925	220.7597	psols
77.125	2.875	480	240	960	360	psols
77.85	5.75	504	252	1008	378	psols
77.85	5.75	1180	590	2360	885	psols
83	3.32	1522	761	3044	1141.5	psols
83.25	17.25	740	370	1480	555	psols
92.15	0.85	772.0375	386.0188	1544.075	579.0281	psols
95.25	5.25	1307.2	653.6	2614.4	980.4	psols
98	3.92	1520	760	3040	1140	psols
100	4	746	373	1492	559.5	psols
100.5	4.02	1368	684	2736	1026	psols
100.8	4.032	763.2	381.6	1526.4	572.4	psols
102	4.08	1428	714	2856	1071	psols
102.4	4.096	620.8	310.4	1241.6	465.6	psols
102.5	4.1	886	443	1772	664.5	psols
103.1	4.124	792	396	1584	594	psols
103.3	4.132	1052	526	2104	789	psols
103.5	4.14	1060	530	2120	795	psols
104.6	4.184	1246.4	623.2	2492.8	934.8	psols
104.7	4.188	1139.2	569.6	2278.4	854.4	psols
104.8	4.192	1254.4	627.2	2508.8	940.8	psols
106.1	4.244	1399.2	699.6	2798.4	1049.4	psols
106.4	4.256	1474.4	737.2	2948.8	1105.8	psols
106.5	4.26	1679.2	839.6	3358.4	1259.4	psols
106.6	4.264	1496.8	748.4	2993.6	1122.6	psols
106.75	6.25	600	300	1200	450	psols
106.9	4.276	1496	748	2992	1122	psols
107.8	4.312	1200.8	600.4	2401.6	900.6	psols
108.8	4.352	1015.2	507.6	2030.4	761.4	psols
110.3	4.412	1064.8	532.4	2129.6	798.6	psols
111.1	4.444	1636.8	818.4	3273.6	1227.6	psols
111.5	4.46	996	498	1992	747	psols
111.5	4.46	1966.4	983.2	3932.8	1474.8	psols
111.8	4.472	1880	940	3760	1410	psols
112.3	4.492	1828.8	914.4	3657.6	1371.6	psols
112.7	4.508	1419.2	709.6	2838.4	1064.4	psols
113.4	12.9	591.2	295.6	1182.4	443.4	psols
113.5	4.54	449	224.5	898	336.75	psols
113.5	4.54	1335	667.5	2670	1001.25	psols
113.8	4.552	1295.2	647.6	2590.4	971.4	psols
114.8	4.592	1514.4	757.2	3028.8	1135.8	psols
114.9	4.596	1426.4	713.2	2852.8	1069.8	psols
115.3	4.612	1367.2	683.6	2734.4	1025.4	psols
115.5	4.62	986	493	1972	739.5	psols
116	4.64	1071	535.5	2142	803.25	psols
116.1	4.644	1665.6	832.8	3331.2	1249.2	psols
116.5	4.66	1190	595	2380	892.5	psols
117.8	4.712	1364	682	2728	1023	psols
119.4	4.776	1179	589.5	2358	884.25	psols
119.65	6.65	592	296	1184	444	psols
119.65	6.65	904	452	1808	678	psols
119.65	6.65	1076	538	2152	807	psols
119.65	6.65	1084	542	2168	813	psols
123.3	4.932	736	368	1472	552	psols
123.6	4.944	607.2	303.6	1214.4	455.4	psols
123.7	4.948	824	412	1648	618	psols
123.8	4.952	1017.6	508.8	2035.2	763.2	psols
126.4	5.056	1064.8	532.4	2129.6	798.6	psols
126.6	5.064	1509.6	754.8	3019.2	1132.2	psols
127.5	5.1	1704	852	3408	1278	psols
127.85	5.114	392.5285	234.0359	551.0212	158.4927	psols
129.8	5.192	940	470	1880	705	psols
130.1	3.8	1150	575	2300	862.5	psols
130.2	5.208	1023.2	511.6	2046.4	767.4	psols
130.8	5.232	842.4	421.2	1684.8	631.8	psols
131.3	5.252	1909.6	954.8	3819.2	1432.2	psols
132	5.28	2561.6	1280.8	5123.2	1921.2	psols
134.25	2.25	653.3333	326.6667	1306.6667	490	psols
135.65	9.35	923.5978	461.7989	1847.1956	692.6984	psols
142.2	2.8	560	280	1120	420	psols
143.5	5.74	232.3599	92.2704	372.4493	140.0894	psols
154.7	2.6	1272	636	2544	954	psols
157.8	6.312	557.6667	278.8333	1115.3333	418.25	psols
172.2	1.9	768	384	1536	576	psols
182.4	18.9	1112.5	556.25	2225	834.375	psols
187.7	13.6	1824	912	3648	1368	psols
196.05	5.25	1204	602	2408	903	psols
198.99	7.9596	1178.6667	589.3333	2357.3333	884	psols
199.79	7.9916	523.3333	261.6667	1046.6667	392.5	psols
200.15	8.006	610	305	1220	457.5	psols
200.23	8.0092	1018.6667	509.3333	2037.3333	764	psols
200.3	1	992	496	1984	744	psols
200.31	8.0124	1810.6667	905.3333	3621.3333	1358	psols
200.33	8.0132	1766	883	3532	1324.5	psols
200.35	8.014	1411.3333	705.6667	2822.6667	1058.5	psols
200.3626	8.0145	1664	832	3328	1248	psols
200.37	8.0148	997.3333	498.6667	1994.6667	748	psols
200.39	8.0156	2002	1001	4004	1501.5	psols
200.44	8.0176	1921.3333	960.6667	3842.6667	1441	psols
200.46	8.0184	3394.6667	1697.3333	6789.3333	2546	psols
200.4778	8.0191	2087.3333	1043.6667	4174.6667	1565.5	psols
200.53	8.0212	2750	1375	5500	2062.5	psols
200.53	8.0212	2997.3333	1498.6667	5994.6667	2248	psols
200.58	8.0232	1469.3333	734.6667	2938.6667	1102	psols
200.58	8.0232	1696.6667	848.3333	3393.3333	1272.5	psols
200.63	8.0252	1544.6667	772.3333	3089.3333	1158.5	psols
200.63	8.0252	2048	1024	4096	1536	psols
200.63	8.0252	2186.6667	1093.3333	4373.3333	1640	psols
200.65	8.026	1992	996	3984	1494	psols
200.66	8.0264	2303.3333	1151.6667	4606.6667	1727.5	psols
200.68	8.0272	1874	937	3748	1405.5	psols
200.69	8.0276	2012.6667	1006.3333	4025.3333	1509.5	psols
200.71	8.0284	1818	909	3636	1363.5	psols
200.73	8.0292	2382.6667	1191.3333	4765.3333	1787	psols
200.75	8.03	3012	1506	6024	2259	psols
200.77	8.0308	2353.3333	1176.6667	4706.6667	1765	psols
200.77	8.0308	2927.3333	1463.6667	5854.6667	2195.5	psols
200.78	8.0312	1986.6667	993.3333	3973.3333	1490	psols
200.78	8.0312	3648.6667	1824.3333	7297.3333	2736.5	psols
200.84	8.0336	1499.3333	749.6667	2998.6667	1124.5	psols
200.9062	8.0363	3294	1647	6588	2470.5	psols
200.9062	8.0363	3515.3333	1757.6667	7030.6667	2636.5	psols
200.9143	8.0366	1299.3333	649.6667	2598.6667	974.5	psols
201.0247	8.041	1570.6667	785.3333	3141.3333	1178	psols
201.0743	8.043	2472	1236	4944	1854	psols
201.1184	8.0447	1761.3333	880.6667	3522.6667	1321	psols
201.163	8.0465	2306.6667	1153.3333	4613.3333	1730	psols
201.18	8.0472	2049.3333	1024.6667	4098.6667	1537	psols
201.1999	8.048	2009.3333	1004.6667	4018.6667	1507	psols
201.2116	8.0485	2438	1219	4876	1828.5	psols
201.2116	8.0485	2676.6667	1338.3333	5353.3333	2007.5	psols
201.2157	8.0486	2700	1350	5400	2025	psols
201.2263	8.0491	2713.3333	1356.6667	5426.6667	2035	psols
201.2263	8.0491	2822.6667	1411.3333	5645.3333	2117	psols
201.2566	8.0503	2302	1151	4604	1726.5	psols
201.26	8.0504	3457.3333	1728.6667	6914.6667	2593	psols
201.2775	8.0511	2384.6667	1192.3333	4769.3333	1788.5	psols
201.3878	8.0555	2389.3333	1194.6667	4778.6667	1792	psols
201.4538	8.0582	2818.6667	1409.3333	5637.3333	2114	psols
201.4895	8.0596	2956	1478	5912	2217	psols
201.5091	8.0604	710	355	1420	532.5	psols
201.54	8.0616	710	448.6	971.4	261.4	psols
201.7261	8.069	1191.3333	595.6667	2382.6667	893.5	psols
201.76	8.0704	1189.6	729.6	1649.6	460	psols
201.8136	8.0725	1494.6667	747.3333	2989.3333	1121	psols
201.84	8.0736	1494.7333	911.1333	2078.3333	583.6	psols
201.8767	8.0751	1502	751	3004	1126.5	psols
201.91	8.0764	1502	917.3333	2086.6667	584.6667	psols
202.073	8.0829	1508.6667	754.3333	3017.3333	1131.5	psols
202.1	8.084	1508.8667	925.3333	2092.4	583.5333	psols
202.1734	8.0869	1064.6667	532.3333	2129.3333	798.5	psols
202.5103	8.1004	1612.6667	806.3333	3225.3333	1209.5	psols
202.58	8.1032	1064.5333	661.6	1467.4667	402.9333	psols
202.78	8.1112	1613.2667	982.1333	2244.4	631.1333	psols
202.9542	8.1182	1487.3333	743.6667	2974.6667	1115.5	psols
203.0935	8.1237	1298	649	2596	973.5	psols
203.34	8.1336	1486.8	907.2667	2066.3333	579.5333	psols
203.54	8.1416	1297.8667	800.9333	1794.8	496.9333	psols
203.5718	8.1429	1021.3333	510.6667	2042.6667	766	psols
203.7123	8.1485	1854.6667	927.3333	3709.3333	1391	psols
203.87	8.1548	1942.5333	1154.6	2730.4667	787.9333	psols
203.9456	8.1578	983.3333	491.6667	1966.6667	737.5	psols
204.09	8.1636	1021.3333	631.8667	1410.8	389.4667	psols
204.39	8.1756	1854.4667	1122.4667	2586.4667	732	psols
204.62	8.1848	1427.1333	871.6667	1982.6	555.4667	psols
204.64	8.1856	1973.3333	1251.5333	2695.1333	721.8	psols
204.66	8.1864	2023.8	1269.6667	2777.9333	754.1333	psols
205	8.2	1376.6667	688.3333	2753.3333	1032.5	psols
205.15	3.85	1233.5467	616.7733	2467.0933	925.16	psols
205.15	3.85	1293.6933	646.8467	2587.3867	970.27	psols
205.15	3.85	1626.42	813.21	3252.84	1219.815	psols
205.4	4.1	341	170.5	682	255.75	psols
205.4	4.1	513	256.5	1026	384.75	psols
205.4	4.1	613.5	306.75	1227	460.125	psols
205.4	4.1	622.5	311.25	1245	466.875	psols
205.4	4.1	661	330.5	1322	495.75	psols
205.4	4.1	773	386.5	1546	579.75	psols
205.4	4.1	843	421.5	1686	632.25	psols
205.4	4.1	862.6667	431.3333	1725.3333	647	psols
205.4	4.1	879.5	439.75	1759	659.625	psols
205.4	4.1	961	480.5	1922	720.75	psols
205.4	4.1	1030	515	2060	772.5	psols
205.4	4.1	1084.6667	542.3333	2169.3333	813.5	psols
205.4	4.1	1171	585.5	2342	878.25	psols
205.4	4.1	1191.3333	595.6667	2382.6667	893.5	psols
205.4	4.1	1202	601	2404	901.5	psols
205.4	4.1	1213.5	606.75	2427	910.125	psols
205.4	4.1	1267	633.5	2534	950.25	psols
205.4	4.1	1556.6667	778.3333	3113.3333	1167.5	psols
205.4	4.1	1618.5	809.25	3237	1213.875	psols
205.4	4.1	1702	851	3404	1276.5	psols
205.4	4.1	1776.6667	888.3333	3553.3333	1332.5	psols
205.4	4.1	1782.6667	891.3333	3565.3333	1337	psols
205.4	4.1	1966.6667	983.3333	3933.3333	1475	psols
205.91	8.2364	2157.8667	1351.2	2964.5333	806.6667	psols
205.93	8.2372	2103.8667	1316.6667	2891.0667	787.2	psols
207.22	8.2888	1962.8	1245.6667	2679.9333	717.1333	psols
207.31	8.2924	2275.6	1405.2	3146	870.4	psols
207.4	8.296	1978	989	3956	1483.5	psols
207.49	8.2996	2723.7333	1657.0667	3790.4	1066.6667	psols
207.81	8.3124	2505.3333	1539.1333	3471.5333	966.2	psols
207.9	8.316	1035	517.5	2070	776.25	psols
207.94	8.3176	2508.4	1519.4	3497.4	989	psols
208	8.32	1193	596.5	2386	894.75	psols
208.006	8.3202	964	482	1928	723	psols
208.05	8.322	2953.1333	1574.9333	4331.3333	1378.2	psols
208.1	8.324	875	437.5	1750	656.25	psols
208.211	8.3284	1179	589.5	2358	884.25	psols
208.3	8.332	601	300.5	1202	450.75	psols
208.3	8.332	2953.1333	1764	4142.2667	1189.1333	psols
208.37	8.3348	2831.7333	1713.2	3950.2667	1118.5333	psols
208.417	8.3367	904	452	1808	678	psols
208.6	8.344	710	355	1420	532.5	psols
208.623	8.3449	1869	934.5	3738	1401.75	psols
208.966	8.3586	1063	531.5	2126	797.25	psols
209	8.36	536	268	1072	402	psols
209.16	8.3664	3191.0667	1877.7333	4504.4	1313.3333	psols
209.172	8.3669	1406	703	2812	1054.5	psols
209.309	8.3724	1025	512.5	2050	768.75	psols
209.515	8.3806	1220	610	2440	915	psols
209.583	8.3833	529	264.5	1058	396.75	psols
209.652	8.3861	665	332.5	1330	498.75	psols
209.7	8.388	729	364.5	1458	546.75	psols
209.857	8.3943	777	388.5	1554	582.75	psols
209.9	8.396	766	383	1532	574.5	psols
209.926	8.397	1080	540	2160	810	psols
210.01	8.4004	2756	1663.9333	3848.0667	1092.0667	psols
210.081	8.4032	420	210	840	315	psols
210.31	8.4124	2295.5333	1437	3154.0667	858.5333	psols
210.39	8.4156	219	109.5	438	164.25	psols
210.7	1.2	268.5	134.25	537	201.375	psols
210.7	1.2	344	172	688	258	psols
210.7	1.2	371.5	185.75	743	278.625	psols
210.7	1.2	377	188.5	754	282.75	psols
210.7	1.2	559.5	279.75	1119	419.625	psols
210.75	8.43	2605.6	1579.2	3632	1026.4	psols
211	8.44	548	274	1096	411	psols
211.061	8.4424	726	363	1452	544.5	psols
211.164	8.4466	616	308	1232	462	psols
211.3	8.452	521	260.5	1042	390.75	psols
211.422	8.4569	749	374.5	1498	561.75	psols
211.5	8.46	422	211	844	316.5	psols
211.525	8.461	643	321.5	1286	482.25	psols
211.56	8.4624	1623.4	1046.9333	2199.8667	576.4667	psols
211.57	8.4628	2236.6	1366.7333	3106.4667	869.8667	psols
211.68	8.4672	683	341.5	1366	512.25	psols
211.7	8.468	494	247	988	370.5	psols
211.75	2.25	544	272	1088	408	psols
211.75	2.25	643.3333	321.6667	1286.6667	482.5	psols
211.75	2.25	1191.3333	595.6667	2382.6667	893.5	psols
211.75	2.25	1295.3333	647.6667	2590.6667	971.5	psols
211.75	2.25	1348.6667	674.3333	2697.3333	1011.5	psols
211.75	2.25	1367.3333	683.6667	2734.6667	1025.5	psols
211.75	2.25	1442.6667	721.3333	2885.3333	1082	psols
211.75	2.25	1516	758	3032	1137	psols
211.75	2.25	1596	798	3192	1197	psols
211.75	2.25	1666.6667	833.3333	3333.3333	1250	psols
211.75	2.25	1678	839	3356	1258.5	psols
211.75	2.25	1702	851	3404	1276.5	psols
211.89	8.4756	1942.2667	1220.2667	2664.2667	722	psols
211.9	2.1	666.6667	333.3333	1333.3333	500	psols
211.9	0.7	748.82	374.41	1497.64	561.615	psols
211.9	0.7	786.36	393.18	1572.72	589.77	psols
211.9	8.476	1135.3333	567.6667	2270.6667	851.5	psols
211.9	8.476	1183.3333	591.6667	2366.6667	887.5	psols
211.9	2.1	1264	632	2528	948	psols
211.9	8.476	1376	688	2752	1032	psols
211.9	8.476	1478.6667	739.3333	2957.3333	1109	psols
212.144	8.4858	708	354	1416	531	psols
212.2	8.488	340	170	680	255	psols
212.247	8.4899	713	356.5	1426	534.75	psols
212.3	8.492	508	254	1016	381	psols
212.35	8.494	522	261	1044	391.5	psols
212.5	8.5	385	192.5	770	288.75	psols
212.505	8.5002	1463	731.5	2926	1097.25	psols
212.557	8.5023	738	369	1476	553.5	psols
212.7	8.508	573	286.5	1146	429.75	psols
212.9	8.516	526	263	1052	394.5	psols
212.969	8.5188	523	261.5	1046	392.25	psols
213.08	8.5232	2635.6	1574.4	3696.8	1061.2	psols
213.1	8.524	480	240	960	360	psols
213.124	8.525	501	250.5	1002	375.75	psols
213.175	8.527	546	273	1092	409.5	psols
213.326	8.533	500	250	1000	375	psols
213.478	8.5391	443	221.5	886	332.25	psols
214	8.56	467	233.5	934	350.25	psols
214.4	8.576	360	180	720	270	psols
214.727	8.5891	355	177.5	710	266.25	psols
214.95	8.598	3194.3333	1872.6667	4516	1321.6667	psols
215	8.6	3087.8	1802.5333	4373.0667	1285.2667	psols
215.06	8.6024	3123.2	1826.4667	4419.9333	1296.7333	psols
215.19	8.6076	3722.4	2095.0667	5349.7333	1627.3333	psols
215.26	8.6104	3395.7333	1938.8667	4852.6	1456.8667	psols
215.44	8.6176	3218.0667	1867.2667	4568.8667	1350.8	psols
215.58	8.6232	3113.6	1808.1333	4419.0667	1305.4667	psols
215.6	8.624	3132.3333	1844.4	4420.2667	1287.9333	psols
215.7	8.628	3240.6	1883.7333	4597.4667	1356.8667	psols
215.8	8.632	455	227.5	910	341.25	psols
215.98	8.6392	2470.2	1504.6667	3435.7333	965.5333	psols
216.19	8.6476	2767	1582.4	3951.6	1184.6	psols
218.17	8.7268	3183.2667	1805.6	4560.9333	1377.6667	psols
218.76	8.7504	2798.6667	1647.2667	3950.0667	1151.4	psols
218.95	9.45	695	347.5	1390	521.25	psols
218.95	9.45	880	440	1760	660	psols
219.8	8.792	465	232.5	930	348.75	psols
220.123	8.8049	215	107.5	430	161.25	psols
220.8	8.832	382	191	764	286.5	psols
221.97	8.8788	2732.0667	1636	3828.1333	1096.0667	psols
222.27	8.8908	2324.9333	1412.8667	3237	912.0667	psols
222.35	8.894	3022.6667	1755.6667	4289.6667	1267	psols
223.17	8.9268	2627.3333	1596.2667	3658.4	1031.0667	psols
223.25	13.75	660	330	1320	495	psols
223.25	13.75	732	366	1464	549	psols
223.25	13.75	800	400	1600	600	psols
223.25	13.75	900	450	1800	675	psols
223.25	13.75	1140	570	2280	855	psols
224.33	8.9732	3042.0667	1805.1333	4279	1236.9333	psols
225.79	9.0316	2547.4667	1537.3333	3557.6	1010.1333	psols
226.17	9.0468	3302.4	1905.6667	4699.1333	1396.7333	psols
226.58	9.0632	3182.6	1874.6667	4490.5333	1307.9333	psols
227.09	9.0836	3568.1333	2054.8	5081.4667	1513.3333	psols
229.25	9.17	3319.7333	1935.6667	4703.8	1384.0667	psols
229.72	9.1888	2445.6	1504.5333	3386.6667	941.0667	psols
231.02	9.2408	2516.4	1541	3491.8	975.4	psols
231.42	9.2568	3230.8667	1899.7333	4562	1331.1333	psols
232.03	9.2812	2142.8	1335.4667	2950.1333	807.3333	psols
232.19	9.2876	2884.2	1723.8	4044.6	1160.4	psols
232.7	4.3	585	292.5	1170	438.75	psols
242.05	5.05	244	122	488	183	psols
242.05	5.05	284	142	568	213	psols
242.05	5.05	605	302.5	1210	453.75	psols
246.05	1.05	300	150	600	225	psols
246.05	1.05	580	290	1160	435	psols
253.2	1	883	441.5	1766	662.25	psols
253.2	1	1100	550	2200	825	psols
253.2	1	1325	662.5	2650	993.75	psols
259.4	0.4	400	200	800	300	psols
277.62	11.1048	1236.5836	788.4382	1684.7291	448.1455	psols
279.35	19.55	357.5	178.75	715	268.125	psols
281.1488	11.246	1248.3545	759.33	1737.4145	489.0423	psols
282.3761	11.295	899.4	565.83	1233	333.585	psols
283.358	11.3343	1099.8	679.4509	1520.1491	420.3491	psols
283.8489	11.354	1011.8018	604.2518	1419.3518	407.55	psols
284.4625	11.3785	823.9991	480.48	1167.5536	343.5368	psols
284.8307	11.3932	792.09	460.0582	1124.1218	332.0318	psols
284.9535	11.3981	792.09	460.0582	1124.1218	332.0318	psols
285.8126	11.4325	774.4336	464.7736	1084.0582	309.6423	psols
286.9171	11.4767	1448.9333	898.5333	1999.2667	550.3667	psols
287.0399	11.4816	1030	675.5	1396	360.25	psols
287.4081	11.4963	396.6136	248.8779	544.3229	147.7225	psols
289.8627	11.5945	620	102.05	770.35	334.15	psols
290.2072	11.6083	410.7529	95.8414	538.4057	221.2821	psols
290.419	11.6168	419.3333	130.6593	615.902	242.6213	psols
290.419	11.6168	1700	529.7	2496.9	983.6	psols
290.4719	11.6189	461.4286	143.7757	677.73	266.9771	psols
290.5249	11.621	600.1783	233.8267	966.4983	366.3358	psols
293.066	11.7226	208.2717	0	468.1283	234.0642	psols
297.8878	11.9155	288.4	0	877.9333	438.9667	psols
298.5832	11.9433	515.1333	0	995.8667	497.9333	psols
299.6861	11.9874	398.8	87.8	649.84	281.02	psols
299.882	11.9953	697.2	185.2667	1102.4667	458.6	psols
300.1759	12.007	882.48	282.4	1346.64	532.12	psols
302.95	4.05	250	125	500	187.5	psols
302.95	4.05	588	294	1176	441	psols
302.95	4.05	608	304	1216	456	psols
327.05	3.85	210	105	420	157.5	psols
327.05	3.85	290	145	580	217.5	psols
332.6	14.1	320	160	640	240	psols
344.75	2.25	824	412	1648	618	psols
344.85	1.85	524	262	1048	393	psols
365.55	6.65	395.2	197.6	790.4	296.4	psols
365.55	6.65	600	300	1200	450	psols
365.55	6.65	1140	570	2280	855	psols
365.55	6.65	1260	630	2520	945	psols
377.45	5.25	1120	560	2240	840	psols
385.2	2.5	1560	780	3120	1170	psols
388	5.3	624	312	1248	468	psols
402.55	5.05	1320	660	2640	990	psols
421.1	1.9	1440	720	2880	1080	psols
423.3	4.1	1680	840	3360	1260	psols
0.95	0.038	278	194.6	458.7	132.05	Stomata
1.85	0.074	280	196	462	133	Stomata
2.1	0.3	357.5	214.5	715	250.25	Stomata
2.6	0.104	285	199.5	470.25	135.375	Stomata
2.65	0.05	279	195.3	460.35	132.525	Stomata
2.775	0.225	276	165.6	552	193.2	Stomata
2.9	0.1	280	196	462	133	Stomata
3.095	0.505	357	333	376	21.5	Stomata
3.4	0.136	330	315	349	17	Stomata
3.89	0.29	355.2634	213.1581	710.5269	248.6844	Stomata
4	0.16	362.5	217.5	725	253.75	Stomata
4.6	0.184	270	162	540	189	Stomata
5.1	0.204	357.5	214.5	715	250.25	Stomata
7.2	0.288	270	162	540	189	Stomata
8.48	3.15	360	216	720	252	Stomata
8.5	0.34	350	210	700	245	Stomata
9.5	0.5	351	245.7	579.15	166.725	Stomata
10.5	0.42	370	222	740	259	Stomata
11.56	0.61	332.159	199.2954	664.318	232.5113	Stomata
11.96	0.33	468.2183	280.931	936.4366	327.7528	Stomata
12.795	10.205	434	339.7055	560.0714	110.183	Stomata
13.8	2.2	334	233.8	551.1	158.65	Stomata
13.885	0.385	287	261.8	301.1	19.65	Stomata
13.885	0.385	292.511	175.5066	585.022	204.7577	Stomata
15.15	1.5	339	318	558.6	120.3	Stomata
15.25	1.5	341	318.6	559.4	120.4	Stomata
15.3	1.5	313	308.1	479.8	85.85	Stomata
15.7	0.7	555	426.2	694.8	134.3	Stomata
15.7	0.7	552	415.5	693	138.75	Stomata
15.7	0.7	449	269.4	898	314.3	Stomata
15.79	0.23	564	414.2	701.4	143.6	Stomata
16.48	0.99	393.28	235.968	786.56	275.296	Stomata
16.5	1.5	535	402	704	151	Stomata
16.8	0.4	424.67	254.802	849.34	297.269	Stomata
16.95	0.55	393.282	235.9692	786.564	275.2974	Stomata
17.4	0.2	402	238	566	164	Stomata
17.58	0.38	340.969	204.5814	681.938	238.6783	Stomata
17.6	0.4	374.009	224.4054	748.018	261.8063	Stomata
17.6	0.4	388.326	232.9956	776.652	271.8282	Stomata
19	0.5	396.586	237.9516	793.172	277.6102	Stomata
19	0.2	458.811	275.2866	917.622	321.1677	Stomata
20	0.3	332.16	199.296	664.32	232.512	Stomata
22.1	1.5	333.26	199.956	666.52	233.282	Stomata
22.95	0.04	425	372	478	53	Stomata
23.02	0.01	516	405	627	111	Stomata
23.5	0.5	475.81	351.6	600.02	124.21	Stomata
24	1.125	434	257	611	177	Stomata
24.935	8.965	389	282.8226	549.1215	133.1495	Stomata
25	1.125	453	287	619	166	Stomata
25.55	2.55	588.216	352.9296	1176.432	411.7512	Stomata
26.5	0.5	428.755	316.8	540.71	111.955	Stomata
27	0.4	394.5	273	516	121.5	Stomata
28.465	5.435	390	264.6667	715.3333	225.3333	Stomata
30.75	1.25	671	503	839	168	Stomata
33	0.95	383	240	527	143.5	Stomata
33.45	0.45	409.395	302.5	516.29	106.895	Stomata
34.45	0.55	672.2222	448.1481	896.2963	224.0741	Stomata
34.45	0.55	410.17	303.1	517.24	107.07	Stomata
35.5	0.5	745.8904	497.2603	994.5205	248.6301	Stomata
35.85	1.95	449.5	259	640	190.5	Stomata
36	0.5	364.805	269.56	460.05	95.245	Stomata
38.4	2.5	634	353	[unbounded]	600	Stomata
40.85	6.95	356	260.9662	486.3581	112.6959	Stomata
42.85	5.05	424	385	467	41	Stomata
44.5	3.3	768	512	1024	256	Stomata
44.5	3.3	964.5	643	1286	321.5	Stomata
46.4	1.4	907.5	605	1210	302.5	Stomata
47.4	-0.6	943	853	1033	90	Stomata
48	4	636.396	575.5157	708.4252	66.4547	Stomata
49.9	2.1	658.5	439	878	219.5	Stomata
50.6	0.16	600	600	[unbounded]	600	Stomata
50.6	0.16	600	600	[unbounded]	600	Stomata
50.61	0.16	600	600	[unbounded]	600	Stomata
54.233	0.1	442.877	359.2522	623.0654	131.9066	Stomata
54.29	0.1	327.362	317.6866	415.9622	49.1378	Stomata
54.29	0.1	514.951	393.3148	670.9072	138.7962	Stomata
54.7	0.1	377.715	343.1595	578.6856	117.7631	Stomata
55.6	0.1	479.408	379.8876	638.9294	129.5209	Stomata
55.9	3	666.996	474.8663	748.2942	136.714	Stomata
56.1	0.1	307	297.7558	320.992	11.6181	Stomata
56.1	0.1	307	297.7558	320.992	11.6181	Stomata
56.141	0.1	307	297.7558	320.992	11.6181	Stomata
56.143	0.1	519.887	399.6333	672.8924	136.6296	Stomata
56.163	0.1	303.667	297.4468	310.7482	6.6507	Stomata
56.4	0.1	312.553	304.2594	320.2264	7.9835	Stomata
56.464	0.1	315.515	305.148	324.9656	9.9088	Stomata
56.607	0.1	320.451	309.3931	335.2266	12.9168	Stomata
56.743	0.2	314.528	305.5435	322.8062	8.6314	Stomata
56.743	0.2	318.477	306.7282	327.9528	10.6123	Stomata
56.743	0.2	318.477	306.7282	327.9528	10.6123	Stomata
57.154	0.2	468.547	378.702	630.523	125.9105	Stomata
58.136	0.3	446.827	367.3483	623.0614	127.8566	Stomata
59.875	0.875	534.697	415.8251	680.1568	132.1659	Stomata
59.875	0.875	574.189	432.6567	703.9216	135.6325	Stomata
60	2	322.34	274.9	644.68	184.89	Stomata
61.1	3.7	317.489	310.5779	324.8336	7.1279	Stomata
63.8	2.2	366.855	337.1372	570.699	116.7809	Stomata
64.13	0.21	330.324	321.3395	401.106	39.8833	Stomata
65.375	0.625	343.159	329.3347	541.0156	105.8405	Stomata
65.375	0.625	469.53	370.011	641.916	135.9525	Stomata
65.5	0.5	418.08	363.08	836.16	236.54	Stomata
65.9	0.1	429.18	364.61	858.36	246.875	Stomata
66.5	0.5	538.646	399.7317	686.8136	143.541	Stomata
67	1	648.52	554.69	1297.04	371.175	Stomata
72.5	5.75	558.9897	496.8139	818.5306	160.8583	Stomata
73.1	5.75	568.4241	508.2621	836.4242	164.0811	Stomata
73.7	5.75	571.6977	491.3612	937.9574	223.2981	Stomata
74.7	5.75	589.1256	506.0254	1020.3514	257.163	Stomata
75.4	5.75	592.8394	520.4984	979.3049	229.4032	Stomata
75.9	5.75	695.1101	558.8475	3251.4626	1346.3075	Stomata
78.1	5.75	568.4241	475.2215	983.6081	254.1933	Stomata
79.9	5.75	581.9335	496.6369	1000.9752	252.1691	Stomata
81.5	5.75	585.4912	482.5009	1105.2192	311.3591	Stomata
84.95	1.35	660.1723	542.2539	1895.5765	676.6613	Stomata
84.95	1.35	531.2031	473.4826	732.7895	129.6535	Stomata
84.95	1.35	565.2162	512.4473	795.0782	141.3154	Stomata
93.868	3.7547	436.2	261.72	872.4	305.34	Stomata
93.936	3.7574	431.05	258.63	862.1	301.735	Stomata
93.955	3.7582	369.65	221.79	739.3	258.755	Stomata
94.012	3.7605	465.85	279.51	931.7	326.095	Stomata
94.033	3.7613	424.9	254.94	849.8	297.43	Stomata
94.046	3.7618	485.3	291.18	970.6	339.71	Stomata
94.066	3.7626	507.85	304.71	1015.7	355.495	Stomata
94.09	3.7636	446.45	267.87	892.9	312.515	Stomata
94.09	3.7636	396.25	237.75	792.5	277.375	Stomata
94.09	3.7636	448.45	269.07	896.9	313.915	Stomata
94.1	3.764	360.4	216.24	720.8	252.28	Stomata
94.14	3.7656	456.65	273.99	913.3	319.655	Stomata
94.21	3.7684	444.35	266.61	888.7	311.045	Stomata
94.28	3.7712	409.55	245.73	819.1	286.685	Stomata
94.31	3.7724	384	230.4	768	268.8	Stomata
94.37	3.7748	380.9	228.54	761.8	266.63	Stomata
94.52	3.7808	365.55	219.33	731.1	255.885	Stomata
97.2	3.3	1027.5	685	1370	342.5	Stomata
101.75	1.25	973.5	649	1298	324.5	Stomata
101.75	1.25	851.775	567.85	1135.7	283.925	Stomata
101.75	1.25	917.325	611.55	1223.1	305.775	Stomata
101.75	1.25	954	636	1272	318	Stomata
104.125	3.625	710	580	1420	420	Stomata
106.75	6.25	828	651.0114	1070.419	209.7038	Stomata
106.75	6.25	662	523.402	860.8642	168.7311	Stomata
106.75	6.25	734	579.6961	948.0829	184.1934	Stomata
110.375	2.625	710	603	1400	398.5	Stomata
112.6	2.6	856.4167	570.8333	1142	285.5833	Stomata
112.6	2.6	846.0833	564.1667	1128	281.9167	Stomata
116.5	3.5	700	597	1340	371.5	Stomata
117	6	795.5	531	1060	264.5	Stomata
118	5	892.623	595.082	1190.1639	297.541	Stomata
120.95	4.15	823.5833	549.1667	1098	274.4167	Stomata
120.95	4.15	839.0833	559.1667	1119	279.9167	Stomata
121	2	867.3	578.2	1156.4	289.1	Stomata
121	2	836.85	557.9	1115.8	278.95	Stomata
121	2	784.125	522.75	1045.5	261.375	Stomata
121	2	572.85	381.9	763.8	190.95	Stomata
121	2	1059.975	706.65	1413.3	353.325	Stomata
121	2	1059.975	706.65	1413.3	353.325	Stomata
121	2	867.3	578.2	1156.4	289.1	Stomata
121	2	592.875	395.25	790.5	197.625	Stomata
121	2	907.875	605.25	1210.5	302.625	Stomata
121	2	781.95	521.3	1042.6	260.65	Stomata
121	2	733.875	489.25	978.5	244.625	Stomata
121	2	769.35	512.9	1025.8	256.45	Stomata
123	2	695	590	1380	395	Stomata
124.65	1.65	630	530	1220	345	Stomata
124.65	1.65	1008.3333	672.2222	1344.4444	336.1111	Stomata
127.9	1.6	630	530	1250	360	Stomata
127.9	1.6	591.8478	394.5652	789.1304	197.2826	Stomata
130.15	0.65	550	450	1130	340	Stomata
131.4	0.6	620	590	1270	340	Stomata
131.6	2.3	513	369.9128	736.2145	183.1509	Stomata
132.95	0.95	650	500	1300	400	Stomata
135.1	4.3	1448.1618	965.4412	1930.8824	482.7206	Stomata
139.45	5.55	1442.0118	961.3412	1922.6824	480.6706	Stomata
139.45	5.55	1228.1404	818.7603	1637.5205	409.3801	Stomata
139.45	5.55	1150.5736	767.0491	1534.0982	383.5245	Stomata
142	1	812.6866	541.791	1083.5821	270.8955	Stomata
142	1	735.8108	490.5405	981.0811	245.2703	Stomata
143.5	1.5	972.3214	648.2143	1296.4286	324.1071	Stomata
148	1	735.8108	490.5405	981.0811	245.2703	Stomata
153.4	1.3	938.7931	625.8621	1251.7241	312.931	Stomata
168	0.3	1031.1745	687.4497	1374.8993	343.7248	Stomata
168	0.3	926.3093	617.5395	1235.0791	308.7698	Stomata
168.4	7.2	815.826	543.884	1087.768	271.942	Stomata
168.8	5.3	879.2411	586.1607	1172.3214	293.0804	Stomata
168.8	5.3	639	426	852	213	Stomata
168.8	5.3	1422	948	1896	474	Stomata
168.8	5.3	1372.5	915	1830	457.5	Stomata
168.8	5.3	1296	864	1728	432	Stomata
168.8	5.3	1188	792	1584	396	Stomata
168.8	5.3	1134	756	1512	378	Stomata
171.2	2.9	990	660	1320	330	Stomata
171.2	2.9	954	636	1272	318	Stomata
172.2	1.9	1893.75	1262.5	2525	631.25	Stomata
172.2	1.9	895.9385	597.2923	1194.5847	298.6462	Stomata
182.5	7.3	1050	800	1300	250	Stomata
182.6	7.304	1550	1200	1900	350	Stomata
182.7	7.308	550	400	700	150	Stomata
182.8	7.312	950	700	1200	250	Stomata
182.9	7.316	950	700	1200	250	Stomata
183	7.32	600	500	700	100	Stomata
186.75	4.05	942.2801	628.1868	1256.3735	314.0934	Stomata
186.75	4.05	809.4	539.6	1079.2	269.8	Stomata
187.7	13.6	734.8881	489.9254	979.8507	244.9627	Stomata
200.3	1	863.8158	575.8772	1151.7544	287.9386	Stomata
200.65	0.65	715.5	477	954	238.5	Stomata
201.05	0.25	1320	880	1760	440	Stomata
201.05	0.25	1140	760	1520	380	Stomata
201.05	0.25	2791.5	1861	3722	930.5	Stomata
201.05	0.25	1468.5	979	1958	489.5	Stomata
201.3	0.5	1534.5	1023	2046	511.5	Stomata
201.3	0.5	2151.75	1434.5	2869	717.25	Stomata
201.3	0.5	1603.875	1069.25	2138.5	534.625	Stomata
201.55	0.25	702	468	936	234	Stomata
201.55	0.25	1445.25	963.5	1927	481.75	Stomata
201.55	0.25	1092	728	1456	364	Stomata
201.55	0.25	1194.75	796.5	1593	398.25	Stomata
201.55	0.25	1236	824	1648	412	Stomata
201.55	0.25	1113	742	1484	371	Stomata
201.55	0.25	1761	1174	2348	587	Stomata
201.55	0.25	1599.75	1066.5	2133	533.25	Stomata
201.55	0.25	1459.125	972.75	1945.5	486.375	Stomata
201.55	0.25	880.5	587	1174	293.5	Stomata
201.55	0.25	1206	804	1608	402	Stomata
201.55	0.25	1122.3923	748.2615	1496.523	374.1308	Stomata
203.15	1.85	907.5	605	1210	302.5	Stomata
203.65	2.35	2200	1650	2750	550	Stomata
204.9	3.6	1471.5	981	1962	490.5	Stomata
205.4	4.1	757.5	505	1010	252.5	Stomata
205.4	4.1	834.5339	556.3559	1112.7119	278.178	Stomata
219.15	17.85	889	685.2487	1202.6219	258.6866	Stomata
226.5	10.5	615	441.3657	877.3834	218.0089	Stomata
230.5	2.5	812.6866	541.791	1083.5821	270.8955	Stomata
233.75	3.25	789.1304	526.087	1052.1739	263.0435	Stomata
233.75	3.25	825	550	1100	275	Stomata
270.55	1.75	343	205.8	686	240.1	Stomata
270.55	1.75	266	159.6	532	186.2	Stomata
270.55	1.75	290	174	580	203	Stomata
270.55	1.75	326	195.6	652	228.2	Stomata
270.55	1.75	342	205.2	684	239.4	Stomata
277.15	4.85	498	363.5124	706.7246	171.6061	Stomata
285.6	13.3	354	236	472	118	Stomata
311.05	12.15	340	236.8103	488.0182	125.6039	Stomata
313.5	5.5	348	208.8	696	243.6	Stomata
313.5	5.5	351	210.6	702	245.7	Stomata
313.5	5.5	336	201.6	672	235.2	Stomata
313.5	5.5	308	184.8	616	215.6	Stomata
313.5	5.5	350	210	700	245	Stomata
313.5	5.5	366	219.6	732	256.2	Stomata
313.5	5.5	368	220.8	736	257.6	Stomata
313.5	5.5	358	214.8	716	250.6	Stomata
313.5	5.5	303	181.8	606	212.1	Stomata
313.5	5.5	367	220.2	734	256.9	Stomata
313.5	5.5	350	210	700	245	Stomata
313.5	5.5	401	240.6	802	280.7	Stomata
313.5	5.5	287	172.2	574	200.9	Stomata
313.5	5.5	311	186.6	622	217.7	Stomata
313.5	5.5	284	170.4	568	198.8	Stomata
313.5	5.5	325	195	650	227.5	Stomata
316.5	1.5	388	272.1263	566.5355	147.2046	Stomata
316.6	1.4	261	174	348	87	Stomata
317.5	0.5	332	239.3052	470.5403	115.6176	Stomata
324	5	385	231	770	269.5	Stomata
324	5	392	235.2	784	274.4	Stomata
324	5	359	215.4	718	251.3	Stomata
400.45	7.15	2281.5	1521	3042	760.5	Stomata
409.2	1.6	2836	2505	4561	1028	Stomata
409.2	1.6	1548	1091.6308	2540.3292	724.3492	Stomata
