"age" "pmaxCO2" "lw95" "lw68" "up68" "up95"
0.00166 274.570599882079 221.880340503528 245.409727429454 312.071378713794 337.316721944553
0.50166 279.526138561298 231.82970260427 254.129787989596 312.755108906754 336.614317057762
1.00166 285.234575946008 241.813898996607 261.551012505199 313.452237722227 336.773838560341
1.50166 289.430299384641 249.985314707751 268.253639719064 314.738929317001 340.260345853893
2.00166 294.747574133622 256.8344432891 274.29143973275 318.552369006635 343.708922351952
2.50166 300.83281596344 262.174306397365 279.046383670741 323.213990737814 346.374388547743
3.00166 304.613308494365 266.443387418831 283.317920880874 328.163384657527 354.327404428897
3.50166 307.862522918585 269.779561012202 287.727203123242 333.282281643473 359.546719468613
4.00166 314.52300476784 272.112394018507 290.73435654673 337.859519193822 362.520567026583
4.50166 318.599789557842 275.402587994949 294.489407492604 342.588120215526 370.880198103819
5.00166 323.785154287436 278.17253825086 298.440288563178 347.701797987176 374.987971905514
5.50166 328.867601851733 278.639666300105 302.129752190093 352.842923525611 380.061694712249
6.00166 333.65384054503 280.854247687267 305.330446576208 357.973352867781 385.423578323873
6.50166 338.068539544913 284.609475473547 308.13917373863 362.713921457704 389.786673924618
7.00166 342.375892932505 286.64587692094 311.88438689602 367.959057896822 393.593454460548
7.50166 346.609151829515 290.164584723306 314.931610947212 372.46133177875 398.405931783997
8.00166 350.343100397778 293.787886085265 319.185320674631 377.22727237195 402.679463582495
8.50166 355.152643394319 296.418367056944 322.589439783105 381.763202437478 406.044596924915
9.00166 360.389199916989 300.403276513011 326.782544452237 386.295100348521 410.95757314778
9.50166 366.17948195853 305.476243126617 330.604656971694 390.641149070339 415.40469829055
10.00166 369.91106899925 308.740561543917 334.720451410181 394.423601418684 419.43530393645
10.50166 373.206593684587 312.426536841025 337.995865658543 398.85086982905 423.761078582206
11.00166 376.960772978164 316.82384622308 341.701285480871 402.73928709956 427.417648756298
11.50166 380.356679074095 321.301739316053 346.718567453102 406.95966154335 433.184369611464
12.00166 384.547374770911 327.653224325924 350.181398321476 411.89229904625 439.54376489139
12.50166 390.647450122496 329.993490694689 354.737643196324 417.464850346515 444.856910986633
13.00166 394.636347295452 332.793874835071 357.404187850829 423.794884650395 451.329453566732
13.50166 402.064849034724 332.534334147338 360.225589881961 428.509113577687 457.01022196112
14.00166 392.907093020658 334.297525941223 364.504069773395 432.319499186039 462.011444834302
14.50166 408.270768488972 335.440310851165 366.933416873465 434.858428884237 464.859229589869
15.00166 407.48500210605 337.367397688372 367.531242731121 437.700856790484 467.471377232847
15.50166 404.040603052683 336.555257670126 367.518067025783 440.235387256595 471.689649927487
16.00166 401.353802073516 331.123599201935 367.855574392986 442.82976042388 473.847072341072
16.50166 401.590495134612 330.074547302918 365.748625270374 446.120238821917 479.749295043849
17.00166 402.846475779329 325.625181275482 365.777493428656 449.84118324904 485.865728346286
17.50166 405.651373620656 326.857269946754 367.172327987037 455.219973717937 490.503237753736
18.00166 407.449036364695 328.662640590014 369.684530861542 458.025964633971 494.865517730176
18.50166 410.406832878927 331.096573890604 371.463042375491 459.692147791418 498.939267332564
19.00166 413.317278731779 329.690575072414 370.884551359569 462.280362571091 503.856986114575
19.50166 415.324558755275 328.033890919858 370.035591981036 465.331388541839 508.704703421556
20.00166 413.021867652347 325.908629502462 370.157620663222 470.328910633013 515.910385502456
20.50166 416.348549998983 328.336977758967 372.080882492137 476.701984572687 524.81791711193
21.00166 429.139728079871 330.952062484655 378.260721798082 485.302967424097 534.388932965997
21.50166 443.769373951841 340.628863330416 386.431667440097 493.292502307198 546.395519966505
22.00166 458.029100396716 352.424474283886 396.734143099407 505.526107673783 560.066414236052
22.50166 470.122201329176 360.490755088947 410.141115947752 521.96494433562 577.871676795155
23.00166 477.078808436617 372.283441149333 422.337001640119 541.618619223818 599.85223768074
23.50166 489.568872832126 380.718171013778 432.079835609821 560.442357228228 625.262718451198
24.00166 497.982546530393 385.07318171037 442.479323642557 578.410197597089 646.612817384576
24.50166 505.942931246653 389.452416669016 451.185436256168 592.050087867633 667.547051672361
25.00166 519.117811851418 396.704189482189 462.942340345277 608.95856367348 682.188416458001
25.50166 536.808913088714 410.082992494828 477.488816644723 629.248544724042 704.462218409857
26.00166 553.269419916065 421.31328486095 490.472750780582 652.173805634376 736.052535440725
26.50166 575.716009087802 433.965880938348 502.21303345135 679.394971527836 768.774497802424
27.00166 624.710805458602 444.439558939049 513.94814414738 705.888765832076 798.649560953638
27.50166 638.027103201672 452.299442034419 519.867441823267 725.578980306054 826.764169875602
28.00166 645.897548009198 457.674874387823 525.676275678816 739.916422366069 845.47790624876
28.50166 647.697090199369 459.965390915299 530.287916931771 745.21322191068 855.413307601698
29.00166 646.120170464157 461.540262818107 539.322688110692 748.683847807233 859.623593470257
29.50166 646.612845174558 464.66859889712 541.366755120868 748.953591263764 859.789921677764
30.00166 655.300936918597 466.427647132174 540.005735763204 752.708415866707 854.718233200056
30.50166 666.555548727399 463.205216339106 539.809036056005 753.474317948504 855.819190482755
31.00166 674.189949773754 464.083282418198 540.903612115631 754.837463276831 857.032131075683
31.50166 668.027302046237 467.719480087177 538.023032058764 755.726386873552 852.302728241863
32.00166 641.119748697589 472.774640043601 536.567439164255 752.147485953011 850.059392702488
32.50166 626.741106904765 470.026765180167 533.657557454199 743.846115938503 835.319161412779
33.00166 616.629848680974 460.417361098139 528.340035616987 735.070438274997 818.83945679946
33.50166 601.886111284304 441.425306426766 514.724091433848 723.688207869477 801.673321881235
34.00166 569.947580233747 399.480114899146 499.601380123686 716.805505919606 812.050236907265
34.50166 553.213043658688 364.219114047856 474.434607719763 713.018328652297 824.250621739512
35.00166 536.738574808261 327.965063359327 454.347483653502 711.414302526783 834.284381503939
35.50166 532.136149966669 309.149988188133 443.035764167727 709.611549867453 844.48378051351
36.00166 537.588135449392 286.787284723172 430.705193713742 712.677401071939 847.628383181283
36.50166 556.424750101397 264.953398914833 419.230519943241 717.165543846116 865.404720388686
37.00166 554.074868109981 225.602593949884 399.682152438445 717.955439240173 890.312973179
37.50166 552.612710690322 193.07314534427 386.021011387214 723.232383695657 899.869734148329
38.00166 556.031097562241 160.011715751019 372.86459347894 732.840059255833 919.352127711492
38.50166 553.786454583562 139.69536162762 363.609717776066 738.899659188161 942.151917893196
39.00166 553.691965003886 134.86072391558 363.894150847622 748.526729610191 953.399312907791
39.50166 554.021835773448 151.039916022889 368.290087195186 752.636739712738 961.033231716449
40.00166 555.092364600652 166.800568378976 383.445905263 761.864263035369 956.833868350597
40.50166 556.760924994084 199.545665996379 402.581980596367 773.330011788728 961.416139169838
41.00166 554.228916670469 220.972977260694 419.037956662342 783.162454659642 968.986316261945
41.50166 557.643095906084 253.655687559272 438.646798068485 799.527091468338 986.295404534311
42.00166 568.669480337274 290.306384812049 455.767827590099 815.028154361235 1001.60550460938
42.50166 580.002449754326 310.256640744197 474.360863918832 824.817030397782 1008.89478282565
43.00166 595.519844117566 337.802158624072 489.541215842812 834.152996713009 1012.33666673203
43.50166 621.496684810905 366.004421702084 507.533633088981 842.422658312748 1015.21441983931
44.00166 657.013215779198 406.156674305478 529.975056405488 853.52831175271 1006.82314310228
44.50166 667.309407494958 448.412415135764 548.788363599524 868.370288800506 1016.42712758675
45.00166 678.749154259039 475.135587999765 565.826829080235 879.62599132915 1036.12974277881
45.50166 723.332631083411 494.538917341939 580.493384376013 895.625772252472 1054.36555920129
46.00166 742.634622972218 507.06068794614 588.476981100834 908.92964172947 1070.3755321876
46.50166 755.690955335581 517.066607283502 603.50553031228 916.597678958252 1084.74596025439
47.00166 770.445579751402 521.715244319025 618.695797357089 930.204454625979 1084.42162731486
47.50166 797.346327845434 533.61033821361 646.503772875089 934.961544526464 1094.72299778486
48.00166 819.504455815723 543.235657335307 667.34676623397 950.093828723516 1100.94588107855
48.50166 833.023271584792 540.65051105795 686.849210683652 956.886432154697 1102.86015153682
49.00166 828.684562115323 547.619577498328 695.268085138453 968.701500938659 1109.67279591257
49.50166 838.694052621185 546.391190113365 697.250469737853 969.389808589555 1107.13390523041
50.00166 838.966506563683 545.000104157448 694.543168223919 965.238901350693 1097.93027357654
50.50166 829.084030529674 543.614533644317 691.30801088335 948.18576379396 1076.58327913753
51.00166 805.769005986708 541.785808745943 680.062072074937 924.23172690256 1051.35587758145
51.50166 784.21101896871 541.103695410024 665.750611255941 900.501138771117 1011.06847959648
52.00166 779.604256397327 539.971158623113 653.15777550115 875.952670210751 980.732045653619
52.50166 769.115972352674 538.859139071031 635.24904275425 858.817519359528 966.074703891295
53.00166 748.658090688477 528.44903391191 621.978517661071 842.188319588486 954.582435852525
53.50166 729.316639631924 521.255979404096 606.947063372547 821.829813820721 930.834749066727
54.00166 705.02859952206 518.604039449729 590.133639897076 791.017648999202 893.60477108473
54.50166 674.719984455192 504.421362052072 567.187677216577 758.119449930897 854.189301907766
55.00166 643.496058149703 483.940283549891 544.166362375611 724.475596347791 808.87633584973
55.50166 610.549321839101 460.165025018988 522.014758985017 692.891693810279 768.362616297341
56.00166 586.418462814571 438.399300653789 500.497741883677 666.463158479315 731.78205054709
56.50166 566.348641191821 416.549527517162 480.941321463287 641.328469753301 703.09376783625
57.00166 552.427928997368 400.795419115044 463.003028709133 617.567573571764 677.746832058102
57.50166 531.397637482265 384.641321846539 441.971984232293 593.023405897989 651.647502659661
58.00166 502.206483037214 367.457065556283 420.63153012068 563.39107771098 623.428341516377
58.50166 474.919969043219 349.950729040275 400.204814541631 533.560677085495 603.429936265214
59.00166 447.224503543163 332.645166483788 381.514094129437 510.167108909966 583.755343716707
59.50166 422.370781208288 317.315418547693 359.659774474276 485.733314071778 577.746275549807
60.00166 402.311193529095 299.325319752429 341.427694774221 467.084731795725 578.914251903283
60.50166 385.85672205991 287.362365629646 328.065274293608 451.101075808946 577.086945594238
61.00166 372.665309480856 279.618458182458 319.024706843831 438.808445659079 577.574875793275
61.50166 363.796059421034 276.736844355802 313.229075584781 429.264545095079 578.025288708643
62.00166 351.653087163287 275.831238438631 309.313600606412 423.032804449942 578.418675691735
62.50166 347.483570149114 273.176204249764 309.303193124323 420.865407525818 578.317607363822
63.00166 347.258347275056 271.975728806738 306.355605274227 420.155691660741 576.571440142918
63.50166 347.743519050733 265.807246402171 302.52428701901 420.914758540998 574.816564670368
64.00166 345.634366939023 260.827443300508 299.235649007068 419.715510573662 573.448147755536
64.50166 336.896658418369 256.277613882561 295.271855850768 415.929948840077 576.596478720165
65.00166 333.728143956596 249.573063978134 290.652748727956 410.514486502007 569.655408811797
65.50166 331.329067628504 241.376542381125 284.756958050882 407.460273753819 569.379817242344
66.00166 331.284673362938 232.698332574408 277.027840386344 408.314948957505 570.964571685863
66.50166 330.935210683356 222.861669671909 270.087297834593 409.864562672379 569.25232448523
67.00166 336.041275843666 216.566531376961 269.627505072958 414.169159201613 572.279264209537
67.50166 335.278278704103 218.534076804852 271.723327963445 419.643791435722 577.078625131206
68.00166 338.458358889527 224.027022398211 279.423892499406 428.693533909985 579.651476009051
68.50166 347.146045925654 229.915859034666 286.396359520542 440.045861245859 586.581114867919
69.00166 360.695832821886 231.084319734879 297.474635870275 464.161403585116 599.757364110038
69.50166 378.630561478889 226.172431671832 303.734298867624 489.574770660371 617.800589322442
70.00166 384.210469932096 224.923890512109 312.633808972769 518.300692911085 636.602428177521
70.50166 398.177221018147 219.322959532953 320.370960020852 544.363490418053 652.684025977319
71.00166 410.236716324039 215.750415845081 328.328107869374 559.537885797154 673.847533046979
71.50166 425.652865681154 228.900581274852 342.189825493151 575.483174787616 694.122468125833
72.00166 423.941490849586 227.299588158264 353.022220121187 599.260597132844 729.890182136862
72.50166 436.732728417558 224.767127644427 362.31424080751 628.239062000458 768.929324221733
73.00166 461.56822977159 213.511941110573 371.799134328744 657.488596696049 799.327016359378
73.50166 470.22850183443 200.501563528943 377.404339828775 684.773624934749 833.894221471997
74.00166 564.853008256966 191.209600288592 388.011875534184 708.144544765243 874.095961280806
74.50166 577.758068749676 188.290236679568 400.189468156469 732.927743870158 907.487426305215
75.00166 595.008469487138 208.314342737631 420.951114165246 749.617120993516 930.008784133777
75.50166 615.088388099291 235.790754580405 433.763230114439 772.983848412345 961.299900716335
76.00166 626.238437328533 248.612149597178 445.573129983254 802.937235839866 997.209912377161
76.50166 633.38686420208 262.448698257161 456.809376416791 834.637448783577 1025.23098232351
77.00166 647.344253684515 276.773540364517 471.532965018737 867.712403688698 1064.26524481883
77.50166 664.173841027525 279.141837273193 484.471335716559 901.718935210809 1092.6682199089
78.00166 673.021452515297 279.068197396984 494.646067860028 920.389404353385 1126.10476343748
78.50166 675.320688041106 291.23362509965 505.445571103362 933.208274199426 1164.93360800029
79.00166 674.432325384548 306.448352957568 507.892322610509 938.720072074472 1192.82388003557
79.50166 679.048539247553 323.752381605241 515.7616078286 945.287062443649 1216.89949141382
80.00166 687.890771709831 337.362992503642 521.698562521448 951.953424261515 1246.40742764249
80.50166 684.228518377752 326.861655503767 522.929320669881 957.842966484185 1267.85975093724
81.00166 681.815097235325 308.24767011373 523.314838249381 965.518792998858 1284.23356104134
81.50166 673.574777804887 307.110220709951 528.426245881731 973.806438052806 1294.78536338722
82.00166 679.34263959007 328.884849242056 539.479542772196 972.511049492282 1295.29718169136
82.50166 689.342083443657 343.909698580019 546.327976795385 968.900385167087 1277.81167840847
83.00166 698.913472058301 361.871616141569 553.317432416045 955.024748305272 1270.19119246068
83.50166 707.938206418026 370.868123192657 561.269817797852 949.013640515008 1246.8562477475
84.00166 712.833210314929 373.13778476295 570.08137811185 943.903750172911 1211.97434961665
84.50166 723.810834669373 372.748124755077 570.174491993631 942.078942158084 1192.96506272481
85.00166 736.182063228478 389.415933836875 577.363368016161 941.684785949639 1200.3563379324
85.50166 742.90984875357 419.172158669767 580.324479332531 930.120544712649 1170.89682641227
86.00166 744.50597569062 445.783885032748 586.664680800149 917.066480823308 1132.39616866552
86.50166 736.900161091276 463.721924398708 583.383737686457 905.662908925457 1107.32168131674
87.00166 724.15905458281 490.64367974123 591.350538605425 888.41439153095 1080.49087372659
87.50166 722.060338357088 499.448607359162 599.847758060304 876.628389899597 1033.6765484166
88.00166 735.473663179906 495.321758205925 596.871383956358 869.318047408822 1037.86684508964
88.50166 721.770507898939 495.062729386463 597.729390322465 870.089004297895 1027.69614501648
89.00166 723.985244446023 501.570245261706 606.403262517436 869.060117726772 1023.01623506121
89.50166 733.840001431857 511.837886714035 620.810216712435 873.631488232219 1003.80263314608
90.00166 757.761387105516 524.697973313248 634.966631682664 871.888210912019 1007.80083463925
90.50166 767.587151584509 538.917330249522 641.968439053891 875.390008366048 1003.3941844458
91.00166 769.54501300122 565.729926280428 651.125784150942 886.607021449498 1013.98290380632
91.50166 775.155921202006 579.699945141887 656.896007631832 898.659133304489 1017.89832998082
92.00166 789.932093218186 588.4212701642 668.333939321364 906.871005877402 1036.77725970756
92.50166 784.947910073822 607.196667169961 680.884224137862 915.69721012235 1040.47133696599
93.00166 795.986796911158 621.115946830565 695.035360535341 921.40565114845 1036.35452903045
93.50166 805.350335057583 636.787248306981 713.48347879867 933.133878813485 1039.72618516298
94.00166 808.924446454141 638.112931750513 729.329441487009 951.230767312057 1057.25668199929
94.50166 814.402499142186 648.933931127248 740.014517041825 970.2173725269 1080.29605954395
95.00166 873.777083936777 653.578579644174 749.913346214972 986.234044476102 1102.73751642029
95.50166 887.869552622536 660.019963039568 756.673452883225 1002.31336368177 1121.43756643259
96.00166 889.714567867456 667.543112834346 764.019987676132 1018.04714677229 1135.71536632725
96.50166 902.092249206905 671.193842826074 775.576246007327 1028.82621445968 1146.62962903277
97.00166 907.201889488771 679.836821651463 782.229161150778 1045.07632103531 1161.6512914045
97.50166 907.441880207594 679.89109600581 790.280376103916 1064.12291356501 1191.74065922015
98.00166 920.866257391139 675.761692790328 797.423764643361 1084.50288336865 1212.43338575312
98.50166 939.056348310948 672.668955133384 803.156968377489 1103.80761094506 1236.08102103354
99.00166 952.164296223292 670.30595504676 806.382915300163 1117.73077778073 1251.71174142801
99.50166 961.049714970103 673.950511420706 818.596687318424 1129.23863201671 1266.87192802904
100.00166 960.695651223113 672.304752355143 830.651779078251 1137.49222695357 1276.9688045184
100.50166 931.025156461005 678.080594955835 837.342556633829 1150.40595194616 1295.81886815813
101.00166 965.758802568522 680.552065407765 837.762125407188 1163.53875407882 1321.65460047421
101.50166 976.347549890569 678.864334491368 830.793827600832 1180.30413719646 1334.11305123442
102.00166 977.008721832496 673.492826649185 833.739293535037 1192.70778642222 1359.79476568343
102.50166 1002.81714915317 675.014821459262 839.526895326916 1207.99786018855 1376.48752090434
103.00166 1017.93695221387 665.102929698822 847.425380704464 1221.77146584419 1391.30794545721
103.50166 1026.35376184879 668.605148121288 851.465466002212 1241.77766008072 1408.46620613624
104.00166 1063.61387221835 675.403263738129 860.535062106017 1261.0553215371 1429.88395712816
104.50166 1103.19047286642 692.2543237157 859.703584623839 1279.90048976253 1460.32717502264
105.00166 1062.59223348827 680.16401184915 865.819529831911 1311.03139842818 1509.82260455789
105.50166 1054.67429121461 653.761557568552 861.664731858152 1336.77302521489 1547.91887067665
106.00166 1053.88852806909 658.117353108135 864.623474788109 1356.52053651589 1566.31831250297
106.50166 1055.22627833424 686.805460679956 882.455128236004 1369.81173913491 1588.986097587
107.00166 1057.4870016041 686.215539533579 894.672788283591 1387.68237052054 1599.47109854384
107.50166 1078.6414291281 702.036396085668 906.783160130319 1404.44983925739 1601.17214270553
108.00166 1097.13128748084 703.304413708545 919.636525551011 1424.97580633939 1626.26661723821
108.50166 1105.59009393815 714.604917282477 921.46793246873 1439.87395341193 1639.9264755691
109.00166 1114.88342911276 720.693182821493 932.47998439597 1449.61003711563 1668.80104058216
109.50166 1123.10249956838 725.543788737227 937.910963524605 1459.79652639144 1682.08566403987
110.00166 1135.37802793909 746.33922265586 941.371733327273 1464.99546488868 1686.03398372574
110.50166 1146.6247842277 759.533628616458 948.682658607254 1460.20394488216 1671.45631452046
111.00166 1157.87561631013 769.527997636653 959.743250484721 1447.00314812342 1663.7432463108
111.50166 1175.43083567134 795.004502988144 962.144143437455 1440.37889391683 1682.78513610726
112.00166 1140.32784038136 793.303904906903 962.075652603304 1433.04615700834 1672.90990131381
112.50166 1147.03737232599 784.892189668452 957.079686242525 1431.00302956505 1681.15908916361
113.00166 1151.01797451039 785.339292960076 950.622560619974 1430.22756502203 1670.17493235797
113.50166 1142.96093935285 782.98956448711 949.376226823167 1412.35602322487 1652.16350266282
114.00166 1127.12434708296 778.946891185611 951.107695804476 1393.67451782498 1623.76007733487
114.50166 1118.68744798086 791.128616152161 948.569155287562 1363.40621434925 1577.35984363788
115.00166 1088.15460788387 783.046245548951 945.913756913485 1331.48731917271 1529.31332866372
115.50166 1059.32854327546 784.595292438502 930.483102524392 1306.43211782947 1479.17542798158
116.00166 1043.37052889515 769.273995582123 912.240812655115 1281.30184083665 1450.56405813528
116.50166 1026.12423667854 749.232051461507 902.977399019278 1259.01888166006 1422.14934718855
117.00166 1012.94810981097 742.788773312549 889.710943647775 1241.53908752223 1410.96422869058
117.50166 1005.44551227468 738.730574639516 879.694733933419 1219.44371414236 1376.65152848985
118.00166 1062.85516219425 742.466874241705 868.452116123872 1194.34297818434 1343.93077124684
118.50166 1031.89414504044 736.607351155237 857.613972444855 1166.72180192771 1299.5515004533
119.00166 1014.91360012463 717.875544635586 839.659332142592 1137.4147517156 1262.69425505
119.50166 992.105702174194 709.395310978461 822.859699990611 1112.30163521881 1230.65252134443
120.00166 989.734239858232 691.788410353403 806.435090985089 1094.75101690666 1203.71890106616
120.50166 976.074487848344 681.05112214199 794.181298785222 1080.47762307508 1182.56689212927
121.00166 930.830284030812 673.263228406936 788.162513298597 1068.93543282453 1175.7479415865
121.50166 934.605417462509 673.377269010895 788.709562461618 1057.3484325787 1167.51533525422
122.00166 935.743403019916 669.475814821961 782.751385440255 1053.83863752156 1166.97711449467
122.50166 914.990196298083 638.831767463125 775.097751430545 1053.48132924619 1180.18650497687
123.00166 919.839394487199 624.701641734363 757.363928356528 1058.41635196423 1196.93206432213
123.50166 943.775894704111 601.794775701473 745.582603500591 1062.57493698653 1219.98146310655
124.00166 958.000535806853 590.283686609164 732.091944744076 1066.50333986911 1234.9617199004
124.50166 883.861951638998 584.962173673466 728.869786146224 1067.05913485629 1230.35369071816
125.00166 899.50016191233 584.168850281918 727.315011093901 1074.19812236845 1247.52173879955
125.50166 906.999775333424 577.300679125356 725.014520620339 1087.09632480236 1274.17514175973
126.00166 912.785582165785 572.886564565717 716.260474493673 1106.13566317073 1293.39582830452
126.50166 929.590678113368 559.634983639499 707.794096660387 1130.48434913667 1327.11389480613
127.00166 936.790840314027 538.319419910404 702.995930788347 1142.50642427132 1351.64920812145
127.50166 943.143166792181 532.610717417241 701.692089689774 1146.24001625959 1372.9698653136
128.00166 953.96448039186 540.235897954683 711.554123462035 1148.91889823127 1372.2161412127
128.50166 958.59269388765 553.318941005661 721.212197324734 1152.66628297522 1358.12803496293
129.00166 957.250452431215 560.66053651985 728.203540459287 1156.86722827808 1351.55414922374
129.50166 964.42901070454 567.204616518016 735.156451604223 1158.87031696231 1356.3761868181
130.00166 962.214501008141 556.627503592783 738.618274221445 1171.54846917164 1380.79037503198
130.50166 954.003044084569 551.337568787651 743.602674400184 1182.97072036143 1411.64007901592
131.00166 941.647558962564 557.572064628838 738.601329233318 1188.53545476312 1420.885148574
131.50166 934.672191305601 567.126220346384 741.068198280604 1191.97482636232 1429.24699040048
132.00166 923.840285461383 553.536343708619 754.140727344366 1198.6601896138 1442.89211495194
132.50166 935.365664058685 571.14730449512 760.601479229263 1215.30776182716 1456.32315380273
133.00166 955.402267852287 581.528118050658 766.342426865783 1223.52859174459 1481.94675273842
133.50166 960.359883978009 580.705310822184 771.885634168053 1236.35563192475 1532.29188432865
134.00166 947.173467780312 582.838551355801 763.788557787022 1240.82979488708 1559.8598548163
134.50166 947.289976349891 570.363480807044 761.833837367019 1247.06306668141 1555.44967268158
135.00166 946.678388230285 576.463047767441 762.899316061841 1247.52473021479 1557.9986272914
135.50166 944.009374811682 591.948404229953 768.922273451852 1241.66073038612 1562.58538228729
136.00166 948.00159000012 593.572745954031 771.602187358231 1230.49440251886 1552.53525216028
136.50166 977.722637689764 600.529426571271 771.390591814547 1232.07882009702 1556.82449251606
137.00166 979.497126792766 609.147850427209 773.867567536447 1231.64808976191 1533.76055754499
137.50166 932.943615141682 591.921559928618 765.668892869365 1216.44735177966 1513.31442414765
138.00166 914.35244293119 583.048286205319 758.00293307487 1201.49195239367 1490.84913684815
138.50166 909.720496345593 587.833816402071 756.451427997387 1184.0366310555 1457.84882411884
139.00166 898.830318644994 597.259800336936 751.465510961433 1152.97475868569 1392.91679506961
139.50166 878.628148007582 596.086489966177 746.489983790906 1116.45649974552 1328.79211356495
140.00166 870.600870164086 613.414088256141 739.513503058115 1079.87830253398 1280.12800771778
140.50166 838.775968682 618.506481738598 727.79299599128 1048.90782805905 1221.06388192925
141.00166 851.052160544774 606.198915587932 715.995980094089 1016.72272875766 1187.28349851217
141.50166 866.299743884117 600.792630483133 700.790895934931 996.821449519521 1162.26028449605
142.00166 863.056987916572 594.369069945159 691.117832208221 973.220268303593 1130.45770055865
142.50166 855.908305611814 580.734296310681 681.542956662487 949.939229837511 1093.49690637693
143.00166 845.589915131938 568.266333670326 671.993458521219 920.665769224496 1049.76063454034
143.50166 828.584022385989 557.389028207516 649.269456503732 899.678145497125 1004.74253953142
144.00166 791.298405183799 552.81432585868 630.609134149511 878.117674687707 976.38770667894
144.50166 746.36501825677 534.417662886098 617.475935648938 862.999315371849 962.943053983977
145.00166 732.436638363804 519.355302996955 602.372031284168 853.460180838775 950.309647804717
145.50166 727.801804148433 501.080012565264 590.20960695274 846.666488083634 935.701249763091
146.00166 718.148700586079 497.631168815672 587.783516492627 839.30920795861 931.568754131838
146.50166 706.626147279776 502.853291566849 585.977882003015 830.670261220379 920.988270859003
147.00166 696.131686759491 507.407647837544 589.202874096667 825.48821406989 911.668330412351
147.50166 698.45285724438 505.602082372111 593.952784680262 822.856682121161 903.775258883489
148.00166 700.139292151234 506.32849221439 597.247535742535 824.56237394237 905.846859870118
148.50166 703.114845585918 507.324435990535 599.270797613289 821.609595161079 908.699149423673
149.00166 710.829764955019 505.334829412234 596.963354999598 823.469392003852 908.147911958696
149.50166 717.997869435185 512.655317344753 602.963383299415 824.182264648541 904.321807327702
150.00166 717.211233211826 529.242437619788 609.598553120483 822.541326682672 903.532041661264
150.50166 727.632344191916 538.069466280033 617.260573639934 828.882654132173 911.001908979654
151.00166 736.903138395941 544.760041146653 624.612938091759 833.9909137622 927.897087327207
151.50166 751.3671389004 549.430804523612 628.012788989957 842.139485469488 938.624874204668
152.00166 739.981034227855 548.830972828231 629.847570209669 851.362132144648 951.495109015319
152.50166 736.682013301115 550.962029287913 632.5562733659 856.810297103207 961.894146608071
153.00166 734.643138108757 554.079098826342 634.254024776535 856.155887672579 969.031614765964
153.50166 737.248748906622 549.576778030372 638.055108770199 858.311905649882 975.443975613062
154.00166 744.671777485476 554.136894974532 637.553180022217 863.045060198375 980.767488031759
154.50166 752.534245278722 540.922523842088 630.891895872748 866.342384405171 987.724415188347
155.00166 760.707346021099 535.387917114207 630.015400145841 876.532837427977 1005.01176744028
155.50166 764.655749130784 530.183827657885 623.195426280643 885.144407473629 1021.63323621792
156.00166 764.099707679475 515.535586432767 620.566282952905 893.900567141313 1032.54606058968
156.50166 765.290828110711 512.06425781921 621.687724916247 897.390603760824 1044.28177390359
157.00166 779.314877842555 504.972251490707 622.651344927617 900.673807238377 1043.87506667467
157.50166 786.317307980193 498.008902246406 616.770897184048 908.285622181736 1061.79133404066
158.00166 795.693962863734 484.074003243371 604.718746906769 922.448286933709 1082.89323664714
158.50166 799.584362978329 467.084330567721 600.05052031227 936.995700761769 1109.46291500996
159.00166 804.764860476428 450.969049386749 598.973123662232 952.819893291458 1143.65811020732
159.50166 809.488925777485 440.512680919754 594.632828064192 973.35139462087 1164.37647074972
160.00166 813.097860356214 448.212736318144 606.919754574744 989.54254394218 1172.3904264357
160.50166 818.832088822102 462.349774179292 617.388027761197 1003.04701330172 1186.08537805169
161.00166 815.165984390747 472.057269559007 632.331891939619 1015.56571365362 1194.74595421854
161.50166 822.150376651716 471.035415195519 643.582823254324 1035.30571781385 1241.99811455438
162.00166 835.009800431661 475.535689394295 659.526718687864 1058.60816167822 1275.31212792013
162.50166 856.114481505998 475.470385821258 674.43871365824 1079.920897362 1295.00026806058
163.00166 871.824439128278 482.306831795036 686.522147016653 1097.82940609002 1309.90348055833
163.50166 885.690657133512 511.54598821083 706.878196374919 1106.51975735295 1318.13074332499
164.00166 909.421491615714 537.851957006341 737.414856699499 1121.84230668092 1337.56571249999
164.50166 940.251797082116 567.063588770907 765.842822037152 1138.95641116238 1349.96362450949
165.00166 966.205654631012 617.11923551864 793.762110422056 1158.87443780081 1360.86828114605
165.50166 973.730878649953 659.70325736468 817.940286762333 1179.08874553766 1383.21776937135
166.00166 984.146018751641 684.331934157714 834.948869963861 1200.2444854193 1392.52475348968
166.50166 999.783955745816 708.55273596366 852.108666131538 1209.24816618486 1396.98114929252
167.00166 1015.76150355297 736.965383233884 862.277741144186 1212.4595126591 1382.9289038801
167.50166 1028.98779718048 753.158399748156 873.026970039287 1208.45403896973 1367.66978279763
168.00166 1036.20378330901 776.081775312198 887.097239078902 1207.01386979281 1347.15014732408
168.50166 1039.87308490887 790.952136433076 896.359869587262 1206.09550688881 1316.82843778807
169.00166 1044.1772408742 797.970885122502 900.55423799856 1208.41875696397 1315.20007972151
169.50166 1073.41204784422 784.596913989894 901.158051647861 1208.21982595191 1315.94226441583
170.00166 1061.98328926966 782.749406766984 900.409993676519 1208.19106886291 1322.42935383015
170.50166 1055.1261563759 782.608518759445 902.0473430778 1205.16584166236 1323.61715133023
171.00166 1053.1455051363 780.293878706324 897.878597674296 1197.99585743198 1306.99628358411
171.50166 1071.60027471422 767.433849007849 889.769485056587 1190.57369780395 1301.06095382929
172.00166 1070.38171472238 745.665124406051 876.392656575123 1178.19155584309 1309.22455105589
172.50166 1061.46216087255 718.033820607969 855.182033220794 1169.88369813312 1313.04722868559
173.00166 1036.89160327387 698.634469869849 836.666484138737 1161.13187066938 1320.57261820993
173.50166 1009.71439258497 679.645030006488 819.968917639435 1155.72848743527 1325.28745927141
174.00166 1008.57738014604 672.105680413424 806.613373131885 1155.93417538785 1322.20937189406
174.50166 1012.4947672636 665.279751711634 800.848503311627 1148.05009533563 1316.99139303347
175.00166 1011.46412188237 664.017149491465 800.688384993408 1141.24911722175 1307.48354895378
175.50166 1013.50600330686 658.632604677422 798.289934285891 1137.41280680224 1299.32064614065
176.00166 1009.4401024527 655.778309665059 787.586753788463 1134.57470228676 1300.96148090128
176.50166 989.544258078139 649.217158126462 775.480437297692 1125.91235617193 1302.68631077203
177.00166 972.8354944994 633.622222546389 763.264144541889 1122.00388867568 1307.27853899849
177.50166 965.739331742757 635.462989685351 758.670182129711 1118.25185219209 1301.02456541383
178.00166 959.127431148754 635.398195098894 763.215263988448 1113.55160073389 1284.19831717648
178.50166 955.374956655615 640.926972208709 765.772945359985 1106.18165512763 1266.79661413939
179.00166 945.347843099107 642.331563857142 766.071611614885 1092.59227259503 1250.7935913126
179.50166 955.208320113456 632.956716531298 767.5026605794 1089.33269696003 1248.17458932378
180.00166 957.497241542389 627.477684132027 760.743301723185 1089.45393812375 1256.36694432092
180.50166 956.360413043821 614.938431323877 761.400819928347 1094.70882244041 1254.64692437506
181.00166 957.670062447451 627.530730915291 762.946306046367 1100.53995527049 1259.62988117142
181.50166 930.394762976247 635.942286409251 762.038992056049 1097.07404206493 1272.75865340218
182.00166 887.497380007229 640.463372096948 767.412266943708 1094.73887357993 1280.15645057479
182.50166 858.651671970597 644.496629501963 764.915386963286 1095.62812085171 1295.26577149358
183.00166 870.742388525579 621.586574302805 753.743651165572 1099.24849561732 1312.71561420646
183.50166 920.97274621822 609.668452559489 739.066218673901 1108.04117883574 1327.09174406624
184.00166 924.825724365341 602.955284892066 738.081250578363 1123.30511200725 1340.28087463876
184.50166 929.770512301917 595.575465770696 742.103111408482 1150.44457239294 1366.06735973636
185.00166 935.172056699212 612.357708738511 754.301200602819 1175.75923281528 1396.68668566714
185.50166 957.049869044508 610.224963271269 764.477699469796 1199.28880360434 1464.49010007941
186.00166 985.022034520668 605.885942344364 756.961021956586 1253.7450894524 1570.34323742404
186.50166 982.772395334302 586.13450004427 744.506430257819 1336.97011150881 1690.28437900481
187.00166 1011.82508492993 563.612464059052 738.74967668288 1406.33820187552 1815.05670529139
187.50166 1037.0089409139 535.311687469281 749.810163251654 1469.28455006213 1954.51626669351
188.00166 1009.00464894639 554.489085903157 767.397328813553 1525.28639756952 2023.74893784322
188.50166 1018.25945466369 549.869842195561 788.626633315756 1595.39009997986 2138.29763907378
189.00166 1191.00711255592 555.417906792733 825.649422705682 1662.1344188576 2228.7092392105
189.50166 1171.20637272172 562.024791159789 858.50502064686 1752.65574222556 2406.83590738501
190.00166 1227.29545143405 581.390047430577 894.072722508702 1847.76288292495 2528.22275116117
190.50166 1279.91663665839 620.487126074505 920.136992273571 1923.78926698776 2633.26020059682
191.00166 1332.65972875347 629.719289349478 959.690136115841 2029.23130489577 2708.69415112462
191.50166 1371.95026180084 649.185931554715 995.375121288614 2101.19865242766 2778.69914350161
192.00166 1405.91177389686 696.462055166711 1039.34180913719 2154.52228120902 2825.88154047507
192.50166 1437.77010694182 742.788919480718 1081.58354542533 2213.52779535898 2828.6477759383
193.00166 1505.18388830476 808.733972252734 1141.81657164233 2238.56068388494 2839.55295602394
193.50166 1603.17322561761 843.443265292586 1207.02813017759 2259.5703693204 2848.41436192176
194.00166 1670.99257850367 880.948149480593 1256.22089345742 2302.38046935261 2890.66894301669
194.50166 1707.08491558618 922.741868394244 1295.58980206469 2333.11527011791 2889.66454129195
195.00166 1709.48428662107 978.043997077821 1329.22401820798 2338.41067270345 2917.53705342309
195.50166 1705.38122008939 1009.41947227316 1359.1161106551 2333.68564673556 2878.0543018312
196.00166 1677.06148154055 1058.02344922109 1388.30149021409 2310.50351367065 2813.4696515469
196.50166 1648.66290906335 1097.90105257489 1423.97002816459 2278.22677676481 2743.93479409024
197.00166 1663.15978000619 1142.77994010649 1431.80476682373 2239.01112525252 2651.36444300082
197.50166 1668.44439776425 1178.25374259763 1431.66078393768 2205.81574116745 2597.18835841709
198.00166 1669.70665223388 1168.4743170964 1440.44874582906 2182.01394730998 2582.79663273094
198.50166 1668.45573212069 1144.62474680282 1434.72968409307 2161.1059198573 2525.38420513089
199.00166 1656.70486878183 1160.6812288705 1440.81586932571 2141.64826721846 2465.74959841714
199.50166 1651.82647267836 1185.51206457212 1440.65478927556 2103.72924055495 2396.48728112101
200.00166 1694.19861518686 1165.72748947128 1435.78230797346 2056.51034615656 2338.98416746284
200.50166 1685.64242731409 1162.93062760706 1418.31168054544 2024.13737788392 2306.84548729173
201.00166 1653.05295551662 1150.45673022137 1389.87176679868 1988.78076821389 2282.44195773635
201.50166 1619.94823112313 1133.94410768167 1362.42080985389 1963.19087150899 2245.71336193624
202.00166 1599.4518209684 1109.5639114478 1346.26052974549 1942.1573573124 2226.89053019112
202.50166 1596.78687582469 1083.9979962665 1335.41898042642 1910.10017191206 2192.28485988367
203.00166 1583.16235798144 1078.0987526148 1319.51510229517 1873.36416403062 2113.69391075399
203.50166 1543.7556017352 1073.83451923321 1293.88107019508 1828.26416709084 2066.21351977899
204.00166 1533.5233829773 1061.1922942098 1268.37579272514 1787.06999643716 2052.10600657297
204.50166 1509.06962797685 1038.49770054044 1239.797977031 1761.65421753843 2013.77594843546
205.00166 1494.46989682912 1011.39247465231 1210.74197221701 1744.36128570507 1976.51784890157
205.50166 1477.53507623297 983.799991489924 1194.24034560677 1727.66902363858 1956.21273022404
206.00166 1472.07364678433 973.669213529319 1183.81448753355 1707.02179875491 1937.22139889265
206.50166 1466.38739862857 977.273506589426 1164.72924073513 1682.37393279071 1906.07441453159
207.00166 1439.31080195968 957.590108340949 1152.65403352091 1659.50584929994 1882.50077275853
207.50166 1402.1269045067 947.637075443052 1125.76310744839 1641.14783335692 1855.48695957723
208.00166 1276.0711091904 934.927532158112 1108.6668499128 1623.06017837168 1820.64099717476
208.50166 1261.11705403145 912.921583128563 1095.7475114769 1623.22966485962 1825.92140754219
209.00166 1240.91545136853 889.190401532759 1083.98112804792 1613.60641269178 1835.15540854126
209.50166 1234.33978022921 886.954905007946 1080.8475520042 1602.65329545971 1831.90795120902
210.00166 1250.47290808275 868.223816168422 1083.29641485338 1589.53849854554 1808.64462172102
210.50166 1272.94086827427 868.327562094209 1081.70136841721 1584.38216133611 1808.07004486207
211.00166 1289.31633928397 866.114139673305 1074.91117013769 1584.13724415341 1809.49744041516
211.50166 1312.90141706636 863.612100106628 1064.80565875197 1588.32348844703 1832.98891395188
212.00166 1317.78901598955 858.136622743297 1063.68429400175 1599.21020376007 1854.29485153017
212.50166 1315.20963082836 854.661936500435 1069.59670720671 1606.14970566825 1870.17952364689
213.00166 1324.37189431089 861.55021330988 1084.6025547793 1619.89349379436 1874.01004161759
213.50166 1298.92985698845 893.377871386031 1097.2399604146 1632.61220062222 1884.23853896067
214.00166 1305.40879332933 918.315890916931 1116.59476586042 1664.2539269927 1899.02252583078
214.50166 1280.89664457704 930.011138376346 1130.17947659867 1708.75442382934 1949.05482222936
215.00166 1276.80000998452 936.494026326849 1133.51047057921 1733.09930744212 1988.62773677294
215.50166 1391.85808305277 931.021226252331 1141.71157576008 1760.09351114091 2014.46556691833
216.00166 1391.34109054311 943.567376556318 1148.24539958097 1788.56647635158 2067.31398340422
216.50166 1421.73719908464 956.65423880655 1176.35009121619 1809.31479091739 2099.67668178468
217.00166 1453.09658208638 1006.63140998095 1201.01877545404 1837.45356540444 2135.8091408552
217.50166 1473.8720940666 1026.63242377366 1229.53554380979 1870.1493746332 2157.74368910849
218.00166 1511.4350736414 1033.26555880658 1256.11798623575 1925.61177201424 2226.64919054061
218.50166 1567.6207488084 1034.79373766423 1283.45927516115 1975.53244184216 2311.37850208253
219.00166 1630.6753004645 1035.43348590493 1297.24814525295 2019.31172873422 2372.73833015508
219.50166 1680.46089371484 1050.88435198955 1312.5583872158 2060.71647954944 2397.6291783458
220.00166 1700.49040758317 1067.17489443175 1342.06425324588 2088.10126648799 2407.99849381026
220.50166 1709.74205130824 1118.4115233884 1372.80144111686 2115.57618466752 2484.54124919699
221.00166 1755.90552138528 1128.8444763979 1399.64980075193 2146.40882383799 2529.32551207604
221.50166 1791.77912658223 1149.0348430851 1424.76400885497 2201.75683540584 2630.81204694352
222.00166 1796.17907047832 1162.08123158904 1442.02834766495 2241.01492380188 2693.08792161298
222.50166 1803.33791309909 1159.16346908689 1443.27054873171 2284.52519012205 2723.23153308129
223.00166 1798.28851640596 1160.8618512149 1458.9370366395 2311.94471628114 2762.25893478224
223.50166 1798.70990557652 1182.93884061828 1470.1646171803 2327.34779159496 2789.08496365957
224.00166 1846.34448885465 1204.87147237652 1483.95471988838 2356.84256804678 2792.69135631394
224.50166 1923.94693581899 1207.748010486 1507.0547097098 2384.6024028367 2768.08776397377
225.00166 1936.19636736836 1202.47238242736 1522.96521654794 2412.11977808768 2825.13480460395
225.50166 1969.35448841052 1207.17124502718 1538.19151020375 2433.06953993712 2862.86144797652
226.00166 1958.18183944242 1217.22025165874 1529.92961466876 2451.98755724698 2921.7226534761
226.50166 1871.91908656457 1218.88388073131 1525.13044802359 2449.30224051095 2932.83350044696
227.00166 1831.94743091649 1239.41557260736 1531.9299372023 2436.98956546793 2871.77351628091
227.50166 1806.27376465239 1257.45481983559 1528.53150993623 2415.93607586412 2833.7551181842
228.00166 1787.49334339497 1265.72106972832 1519.4617756529 2389.17933994599 2771.60366919935
228.50166 1819.79833715548 1265.36597354148 1505.7426552854 2388.01335331147 2724.03529731365
229.00166 1798.84434045531 1247.52962041972 1473.53097498823 2328.87236409607 2680.28306668354
229.50166 1784.5417520975 1218.93886813403 1456.14977140882 2305.27681590764 2707.01883240136
230.00166 1775.75943686775 1187.93405196708 1436.69477530099 2269.57491307438 2662.21349848511
230.50166 1735.37507743768 1156.91865781679 1410.49257252075 2241.99857149859 2653.33884330199
231.00166 1624.57215855326 1132.91238572117 1405.7328096768 2213.43673299599 2618.82338100007
231.50166 1584.02918179109 1126.66655930117 1382.76495816574 2173.76695010062 2569.93601933928
232.00166 1599.34142315811 1085.6209823041 1347.36248938961 2127.0795774572 2535.45319454091
232.50166 1570.3854255478 1033.02460248607 1306.52813270224 2095.11882859857 2536.31573112384
233.00166 1571.86832915213 962.558491261392 1265.99180798613 2083.07123728013 2542.84241479223
233.50166 1557.18477417828 899.368048630953 1208.11755514749 2080.220285344 2533.07706211155
234.00166 1533.78550553027 841.897123924241 1151.3834112875 2058.38552593541 2531.41968042839
234.50166 1501.64232619048 777.62658926594 1110.63185337806 2025.66120183863 2494.34006826459
235.00166 1422.12195855434 738.195113659722 1060.41059259488 1964.22593966294 2490.06686592717
235.50166 1366.73482025151 688.106769809992 1003.44396027707 1919.01820328985 2512.04160824318
236.00166 1312.36734682728 660.973504070939 947.980445782656 1880.68786973865 2550.22802585141
236.50166 1237.50905331349 622.875986050505 888.854510115723 1830.77564291803 2544.05383625173
237.00166 1163.46844582628 536.348327146874 827.426442928332 1817.83684211962 2564.36583066028
237.50166 1107.61094410227 492.096455315035 780.220360656904 1767.89157736849 2510.39501573446
238.00166 1064.547159748 465.637455910602 736.196775132122 1711.86392605968 2447.22350456206
238.50166 1012.83523575613 440.229635800764 696.018753405934 1634.87853314247 2328.41430926544
239.00166 935.454968538598 403.030492359862 657.754921029346 1534.08021946573 2186.67289857185
239.50166 807.022824477193 369.357131191754 614.652560128424 1442.4371160139 2083.84555534856
240.00166 770.081595336588 335.765769124046 575.820092233902 1398.28539313531 1968.06141940797
240.50166 942.813896451774 296.655046587736 522.289297311876 1361.00274660605 1920.02674622461
241.00166 885.071109935568 267.644671306572 489.920957547353 1322.01326562108 1873.04997460199
241.50166 845.560607117825 256.295586973004 465.105350921714 1261.26366333089 1816.4318365323
242.00166 784.312948837458 264.890637510094 451.312109298104 1183.14777097126 1686.19400529325
242.50166 636.898946082998 264.452729367068 444.006807792217 1119.57465424923 1558.05622105403
243.00166 622.310321294127 258.120930540831 441.903224922656 1066.64321865834 1455.52655440303
243.50166 597.455434561674 251.129457920334 432.537500549652 1032.59567637324 1365.60724736422
244.00166 572.687765683561 233.202191177784 414.35605684297 1022.62419006887 1334.57772315869
244.50166 556.746450241777 223.028478927927 403.606878583058 999.425839712617 1308.4489637129
245.00166 542.786459790429 222.903623299818 405.392735265991 991.33419775908 1295.72821494375
245.50166 558.144404187236 243.08902265283 419.045986885998 989.823103485473 1279.34762778477
246.00166 588.687335650832 264.896799351792 442.845430573577 998.566922223035 1266.56457032836
246.50166 642.559042101147 270.292400093815 459.81292805156 1015.31787849563 1315.16759505748
247.00166 677.613855183271 287.883013650112 470.480947461444 1042.62545789243 1351.30315257155
247.50166 699.322771282175 303.651350100501 482.264665133129 1073.55636403028 1413.83104154179
248.00166 718.000924258224 291.405926666197 486.241161987773 1078.1810260711 1431.2960139517
248.50166 738.025787539236 305.797581808439 497.692183707618 1079.3093692734 1460.46079158404
249.00166 743.808568046509 337.503613960672 530.23717746639 1094.42117739723 1493.00721186939
249.50166 749.800261433176 351.835607224912 567.045433771156 1113.84400480339 1507.05286564221
250.00166 846.925569142988 382.082776769935 588.702815843302 1145.69891698017 1532.51153111944
250.50166 860.775458195926 395.864736277566 602.983127969717 1170.35418660728 1570.43007489718
251.00166 872.900452178226 412.848823682501 618.021080790672 1196.73558967515 1582.61266891701
251.50166 832.036620381869 399.414469698893 621.778402014237 1207.7927412625 1563.03755392621
252.00166 822.435027534407 405.114326454167 631.655824733931 1204.20187044159 1527.86445478903
252.50166 813.343479110012 405.876431900253 624.381701372806 1194.18163363276 1493.44783870936
253.00166 814.303572582942 399.421753373285 626.070376974089 1196.65799727485 1428.13159752176
253.50166 808.498179356745 404.473229949031 620.9978379034 1165.85122446762 1409.08340572115
254.00166 802.040772086759 397.566464552118 619.881166907657 1134.31108870357 1408.85336356675
254.50166 789.581837447566 380.627011858144 606.666449899625 1101.50092994157 1407.96352841259
255.00166 775.065676703618 373.638030039709 584.767204179821 1086.29244076921 1407.51432357407
255.50166 744.738907098071 367.573208389687 572.226091973438 1067.47949213668 1380.38746068755
256.00166 716.107122867005 351.204690040791 552.639239125204 1031.13700373739 1343.09574858154
256.50166 695.909126714136 335.320895888028 525.857936974049 982.791949417196 1294.1696862348
257.00166 685.083212491494 297.421370000034 499.951682526066 945.011150099052 1241.18573797604
257.50166 648.866997666914 262.314048370637 475.009687451608 904.017283588802 1190.2143658878
258.00166 614.558521667943 231.969314729858 427.044370988254 871.455132006912 1140.46238251879
258.50166 578.712382243902 195.858264466523 396.454184831563 843.417882585146 1091.07576389603
259.00166 561.365424862992 181.48498531598 367.161558727423 817.413611780388 1079.22448072192
259.50166 550.232224543652 176.160472459801 353.532506607465 799.662070072788 1069.0116307565
260.00166 559.003484628728 166.643480948639 343.897650409038 783.776104880554 1038.1047112873
260.50166 555.039784632363 172.920623112187 340.272328682266 757.094380252234 1005.41040707516
261.00166 532.980961677165 160.775870756032 327.481600875198 737.685374937176 977.446022701339
261.50166 498.352923949148 152.008495070566 309.228845580553 717.363460860107 973.134887945615
262.00166 486.238739438843 130.226540912446 299.705175094889 712.396490684922 952.476273677001
262.50166 470.696948909001 126.487045323675 286.616453005613 701.795321349497 951.202129911987
263.00166 457.526578366863 106.813387031265 280.345890896004 690.261152097415 947.194189186988
263.50166 442.394004982069 110.692618345812 268.560779219562 685.380567559889 941.525039478323
264.00166 423.495101450256 101.987336327274 267.085525523042 678.123589367572 923.308475183733
264.50166 407.325719260983 101.588413564507 258.639603023312 663.504381411122 917.139690990811
265.00166 407.190132479775 107.080875617216 253.253284267615 661.397699803445 921.524287673916
265.50166 408.594693119435 108.993271702607 255.177798416855 660.142406433095 929.033010185808
266.00166 412.579277892547 105.039397261118 256.870618067643 659.969325265806 921.839772425731
266.50166 421.300732472749 113.808611941624 264.276113165236 647.804428325053 911.040906934311
267.00166 432.130747453471 123.554841735666 272.335538850303 642.851804102704 901.985397559122
267.50166 432.454349147536 140.25491458359 276.974467054276 633.225585361136 857.382455861607
268.00166 430.378235638348 153.281913827252 279.051720824535 627.336818419138 822.698924934339
268.50166 422.389967715501 158.702420386505 281.633369867582 615.350799781018 798.676462552162
269.00166 426.594416172977 178.307447691077 286.224942165686 619.870536967322 779.141305199133
269.50166 437.052688124434 187.476808690651 295.878997504372 620.204142481913 771.54511194304
270.00166 450.527273356998 197.233150191044 306.172301184912 625.844367684793 777.790742939875
270.50166 467.670893021844 209.110466540221 320.200772127189 641.513180526089 807.462600864805
271.00166 470.870601122539 217.601874311634 335.139266917891 663.5671316508 830.836876848577
271.50166 512.284578008953 228.171295394543 351.322604717292 690.382839879223 850.760443750913
272.00166 539.16062250975 233.110819563454 359.516052915236 720.418045705838 877.858825195259
272.50166 556.222392591935 243.797808479136 369.329499401671 746.000855375079 911.163118473025
273.00166 570.917017620379 256.037911855479 380.327794007177 769.52509888779 948.119045199479
273.50166 587.028641281272 268.177079158864 398.069889429624 795.046896757081 978.411827099752
274.00166 593.073270372998 286.470378985417 422.030722513664 826.675703780851 1011.00185696379
274.50166 615.209145631052 318.477842222915 447.098185708505 863.037786840166 1036.45245965668
275.00166 637.059401361233 337.250914895021 471.240695871097 901.9103575102 1090.5508412102
275.50166 656.01120267048 356.761655613498 497.718276188718 942.536461246244 1133.65299645294
276.00166 671.624707777314 369.975869544515 525.606290869286 973.136424823931 1176.76074106751
276.50166 683.785957936539 384.432591602101 544.469861613249 998.544670379005 1210.69614105502
277.00166 689.827533721 405.503590649959 563.944068381188 1011.97831835098 1218.7653913232
277.50166 700.113079544944 428.068114830016 583.525320184808 1024.47117054579 1230.43713527304
278.00166 709.234848241879 453.065150691263 600.875736810334 1024.98010354552 1258.80677250608
278.50166 778.539875094908 475.07232381459 609.557584669149 1036.90772129623 1256.82677670987
279.00166 787.31034846758 489.177828565041 620.160261475026 1038.86126181178 1255.51706796279
279.50166 782.953532595546 501.339274136995 626.006194907601 1053.51271358481 1264.70407639344
280.00166 785.218394139874 502.095634075509 634.47075627464 1062.59478127886 1280.41850726487
280.50166 793.080331022861 505.630940228523 642.918519677036 1060.14136649581 1284.44798933504
281.00166 797.054670950839 518.520010373275 644.517336236356 1054.99576159136 1270.40717473592
281.50166 779.661215298618 515.697735735513 649.142138579225 1044.77605392199 1256.34576696687
282.00166 773.059322696673 513.234843222023 647.147291151591 1042.63871169442 1240.52422220338
282.50166 800.156972120799 507.59435741529 642.399925559915 1037.66202178531 1233.44830219241
283.00166 787.220147687524 482.729469055742 634.081492455679 1030.90750778768 1225.14544245527
283.50166 755.947327290819 475.441251886472 633.359005750016 1029.35212478961 1236.82496788003
284.00166 758.086731287672 480.322913339471 633.497325490674 1018.60030559384 1228.5601512162
284.50166 763.313172984386 477.943251409858 630.88457283222 1009.20172813066 1208.39598342241
285.00166 759.898652286032 465.565107443339 626.341449285606 994.602824724958 1205.17133575282
285.50166 770.976030218736 467.098805350445 620.329365803411 984.799615807759 1190.59036350955
286.00166 784.800439682771 455.010883180408 611.344090691711 975.8698139374 1169.05636172973
286.50166 786.301709395887 447.327913719504 601.348222753838 974.678802551586 1182.99000807552
287.00166 771.762682178567 433.303566015317 590.777786713217 970.227012791185 1181.31597477622
287.50166 764.659480149834 421.493445173263 578.940885074222 963.3261630288 1178.77289949749
288.00166 741.692796651962 429.770910270997 573.184872950718 952.104436421575 1177.60999104543
288.50166 710.444426280708 422.113375280675 564.917036736774 944.801408998514 1171.34252027566
289.00166 714.077271011258 423.588429180971 556.426284408966 934.387226011964 1164.96598403172
289.50166 685.844543585484 425.296520453049 552.119965149695 939.305000284589 1140.71526923155
290.00166 678.996420302031 411.254811400494 541.159203917596 938.773948360861 1148.62790165869
290.50166 649.3816898403 399.186249152973 524.86759365383 937.182149323021 1161.39443825594
291.00166 638.537710159124 387.830051648404 509.164699403506 929.49892043519 1156.43488325091
291.50166 635.95464024762 372.164367706694 498.46330332185 921.220658592732 1161.23261746041
292.00166 636.288041936215 360.765645930753 491.878577480728 910.569023788222 1158.20734676978
292.50166 669.42944734028 356.278556387009 487.606244796723 903.584066740686 1148.69071212459
293.00166 663.469763079622 326.651381274384 471.204701404294 896.37171661359 1154.40453626701
293.50166 624.889281257696 306.088141071728 449.621421077689 895.868468910841 1125.59418850497
294.00166 607.341128507102 283.740874585228 433.964741307231 897.466905314394 1135.7589742127
294.50166 602.022138147917 273.626711297976 420.363894061694 898.164963361765 1127.84114029196
295.00166 586.867225165261 259.658490185736 413.005446570169 887.53182380232 1107.4514640095
295.50166 569.605457030771 246.90061884206 410.314095345976 871.629816218894 1096.3940745927
296.00166 562.67268076377 236.526929910675 406.145106161481 860.995245991304 1083.51356707026
296.50166 568.797265810377 224.833115412333 385.062320436702 846.448803378793 1088.00910218034
297.00166 548.969911455114 203.884396355398 372.56387679238 845.658624225099 1088.40266593297
297.50166 529.674469358272 191.934298807 354.300301429682 840.415396784162 1082.87174331438
298.00166 516.804385537657 185.109616988599 342.645192124853 827.812330579178 1066.74894747078
298.50166 505.491763758642 177.828280885901 336.198850439823 817.965511778441 1042.22327212635
299.00166 495.950479791303 179.022472186773 344.726200302794 806.971150962034 1027.40732032021
299.50166 494.683267935327 183.603577586329 348.276119213636 786.697346698903 1000.36655095876
300.00166 509.181829422373 185.344864137154 342.954621900829 771.309172508425 990.234229609374
300.50166 550.55256213938 186.167161251423 333.31950175216 754.814555068104 978.564991968539
301.00166 541.572399362274 175.779869613816 330.670446568274 749.430192248473 969.198228036778
301.50166 530.769440337696 167.575847646761 321.159491338571 739.790221838827 955.559846229412
302.00166 527.331946586205 165.703564805225 314.048575941761 722.465889937428 934.866036834048
302.50166 522.953600777292 156.102776511192 311.184889958805 704.906299373117 921.370962967742
303.00166 468.613164169644 150.900365306012 312.76353301208 691.269704752656 896.605217784134
303.50166 501.971196055131 139.460533655122 307.030145732954 679.534314236989 882.618971980221
304.00166 491.950662863173 135.313966881672 304.528958317063 665.839028386083 870.109001912725
304.50166 471.273087284857 119.610278729251 298.88568075767 656.127922111535 851.121093908964
305.00166 462.289540828471 113.818391704704 287.314921495078 647.149226528609 850.823384579268
305.50166 455.127540604616 107.095837512148 278.815335160135 638.208701784093 836.830457397492
306.00166 450.320838781167 111.866249712407 275.667511786389 623.602780758809 806.93337392808
306.50166 440.268762826859 118.475708008141 272.333069259381 606.608713062973 772.309149818844
307.00166 417.743253120593 117.073161345572 268.923298961481 587.685199468182 760.26573413447
307.50166 377.507947811106 116.707164601716 261.45369485908 572.578782979776 752.72737903978
308.00166 465.011485117 126.464447133289 261.135560010216 561.465053708446 729.992424053446
308.50166 451.841987165299 132.03123665419 253.986241222237 550.548339113099 710.087915354434
309.00166 438.178191979826 133.307705725193 251.216787660018 537.086526427258 686.315651655963
309.50166 425.82783067986 142.259876122538 252.561178365901 521.362128674037 659.623923424064
310.00166 409.011696586299 155.266444076155 255.730273397049 501.104496156882 625.585072852279
310.50166 382.901797418296 171.091034354175 257.201482401429 486.819759890621 583.385829561496
311.00166 364.641849599662 178.846849905043 258.511538468501 468.328088800229 557.631498028945
311.50166 356.545373450437 185.117952673639 258.104664684429 454.269880966124 533.930678572957
312.00166 347.925467754217 188.083160630557 257.82912399975 447.659711968693 520.490371169653
312.50166 330.582197350436 195.137836431748 259.558985204495 439.020769896337 511.913307553344
313.00166 340.367828896829 196.826148561623 263.520281146907 433.552473196389 500.482401028485
313.50166 340.179752364493 203.897324512731 264.5754684827 425.258182536012 489.330867091165
314.00166 345.025509011374 210.879316138626 269.186823292217 417.903428704562 482.490845417361
314.50166 331.800411849431 211.387476494949 269.952821276031 414.66365365042 482.691352048828
315.00166 332.875561640844 206.173306053753 267.597598196391 416.023242451149 485.438940252754
315.50166 329.669985543671 205.133193469713 264.844381259423 414.519784385553 483.450680106392
316.00166 331.532917024713 203.229718380571 262.874093246419 416.695141535425 480.212978147204
316.50166 339.606606951895 196.20540883686 263.038578116065 420.288229914512 484.197001305409
317.00166 335.883238144557 189.338813945707 260.257298870258 427.952070233555 498.146066993595
317.50166 343.110649172628 183.57914008768 258.918957456067 436.526756539548 508.454677695641
318.00166 347.448507758005 175.854793038095 252.565742658891 444.624718573696 534.312471224582
318.50166 355.75145765092 166.592837602684 246.961793395638 457.367702446339 539.15283268119
319.00166 357.995542771413 164.086544286004 244.546192497141 461.195950576574 555.850802877752
319.50166 358.992697493938 158.333674011917 244.113828870379 463.911768556496 561.382914364125
320.00166 365.892667069766 147.082546465512 238.968495774077 466.755501020367 566.446580341891
320.50166 359.908735451262 142.749655972757 232.280478315076 467.424843770521 576.986421962852
321.00166 349.033832943423 129.871233954543 229.463044108665 472.734401910233 587.304977548969
321.50166 340.650470301062 128.669944733607 221.370097477834 476.071200290749 595.351342032221
322.00166 340.5256870999 123.393811785559 219.958554960191 481.160566242726 594.600703784036
322.50166 338.011437828868 129.987937301761 216.639951111797 479.489761855437 595.73260404129
323.00166 334.062859611606 131.145079522217 215.107345116607 476.002001592528 587.582007505574
323.50166 335.538369820252 136.224890285086 216.191937496411 467.842906652399 582.585753026411
324.00166 327.666036996327 138.965746474449 219.870749341784 459.491195792547 582.90376371847
324.50166 319.262183461511 131.495187396469 217.982861664511 456.898347966856 570.43433271876
325.00166 327.51202764255 118.617473908151 216.927317424207 451.109162806673 563.442667623469
325.50166 336.583869441198 108.549431129461 210.779490570805 451.510800330413 559.769778024152
326.00166 336.829460363789 101.520515542079 209.315020429031 451.791020780551 565.228849395182
326.50166 324.381287037017 94.3452759432798 208.714705455314 452.816017284489 571.678805333904
327.00166 325.828691371376 90.0068307933715 206.899686552555 450.39497912807 568.952289480998
327.50166 335.683997303071 77.3292475970745 201.388541631263 455.301346293685 567.998329313826
328.00166 333.985363094287 70.5969852285047 195.882328224207 462.30426091986 577.244699088118
328.50166 326.261347919035 45.0153800181817 186.018447288245 470.007445669644 600.403725463603
329.00166 292.514525658238 30.7194470661595 175.887732837015 471.343380487325 610.637238055434
329.50166 285.95802814872 11.4236337753147 172.760779166808 480.241535165162 627.046300430502
330.00166 307.495070145173 -5.10014800371527 173.442347122591 489.53202070818 637.202339160482
330.50166 315.686959089369 -5.0837613194463 174.46109688611 498.612643838061 642.357028262499
331.00166 313.959499940283 -12.6596939710518 168.086399926631 508.311521156933 670.445629388666
331.50166 314.805719676962 -12.4810255320922 161.874890809276 521.794425460329 684.421580641543
332.00166 306.555877696764 -23.260848530705 158.641067551324 532.272997845592 713.445237174644
332.50166 305.698633660217 -30.7147772210417 159.178950714443 547.377404297983 734.219925454805
333.00166 312.97284267813 -37.5229151394252 156.756326568048 557.229411106456 751.40226876593
333.50166 324.682471808101 -35.8881886259417 158.923555857692 567.986285823279 777.553377121051
334.00166 335.860869223253 -30.6604984507101 161.999474470121 584.499346252001 807.067767143999
334.50166 349.204292067956 -24.9362058987988 162.078314312688 593.525484258345 841.383602457643
335.00166 365.55729838077 -25.1539582870302 168.093156002403 608.999975633443 868.038621362243
335.50166 381.877777816146 -19.9219352026317 170.066115092204 624.248086675085 886.013020646848
336.00166 387.922616530587 -11.6721535569209 172.566602103002 642.216453923743 924.099777853502
336.50166 397.543736766607 -11.4450053521025 175.196386759796 657.267775243585 947.435100131034
337.00166 402.782921534915 -6.69772259769188 182.974397204599 677.312179786415 956.28739569131
337.50166 422.31392831457 1.01063547896973 188.710642039283 698.431288180395 988.965927189571
338.00166 438.939393642058 -12.8931624779227 196.905643447817 715.791011375482 1034.29648581165
338.50166 458.365727097956 -18.0270744779455 199.478013125619 744.523111301191 1076.57621033854
339.00166 474.307851031499 -26.6901949111882 205.334310086764 765.313872064233 1118.66118559144
339.50166 495.622425029077 -29.7292942014973 209.389879189584 784.900363402945 1156.09246832201
340.00166 514.476245905461 -32.2056154325964 218.746032624202 793.315023601567 1174.4561487952
340.50166 523.338891559325 -14.8819763365357 227.965691031119 802.627784370653 1178.49968400084
341.00166 534.770323568232 8.75380234505205 240.980763959911 804.435225102754 1171.37106450464
341.50166 440.163125934741 27.7842403945702 253.14096200416 806.862520527723 1179.66642802268
342.00166 435.624898255569 46.0031077076119 264.98129059797 814.827133140818 1156.84270878494
342.50166 453.775057284951 66.9247583260349 276.661807129272 838.278455068943 1127.8848488168
343.00166 533.721226833678 74.548663808846 279.9100645028 852.64549116803 1124.24575588889
343.50166 517.162577436348 86.4103277096169 284.611992266645 870.901679845931 1107.13601963536
344.00166 497.055154294579 90.4589444793286 286.216419217535 868.882569761459 1107.18953559378
344.50166 497.707536319753 95.9727023657516 285.287877067585 868.310873401205 1118.31291131997
345.00166 507.271180828315 116.420909895208 294.336903851736 867.252855290194 1139.01993506209
345.50166 545.711381599311 111.210761272447 292.787578841888 857.608302160779 1140.46757404041
346.00166 529.244968183987 109.707070091153 292.768428704214 858.092321289596 1137.32147651009
346.50166 539.615446291554 101.707097325201 288.546125325197 860.266392182879 1156.08279524308
347.00166 529.018245819708 86.9317859326723 291.415182016612 863.445411512759 1165.4165724657
347.50166 505.819168309965 78.0166270287955 283.943900483104 867.192682286166 1164.37500176374
348.00166 507.798324382076 73.4883248294044 287.116392788278 868.894160543451 1158.8501964155
348.50166 511.509911257497 63.1907966704309 280.905371458673 870.854994295967 1171.77010067648
349.00166 493.526677470683 45.2247616773842 279.49161655921 863.049379277891 1159.70152147512
349.50166 487.918870290373 47.6781469836824 274.362531428958 856.810144508543 1150.15785043909
350.00166 489.212612390466 42.8614513571252 259.437617171409 843.473651179941 1171.25464266062
350.50166 474.151008033991 40.341484705158 249.835875615173 833.995911064017 1207.88462465656
351.00166 443.96090925266 35.25218669639 240.648283279255 824.219354356241 1199.32126679453
351.50166 445.734220176156 40.3691055190207 244.069054316121 817.902628238685 1211.59105123633
352.00166 452.202668179618 42.7949000685901 249.627195454392 811.805995292979 1220.28612723653
352.50166 451.598344982888 46.9651232427352 253.817605351117 801.685119481854 1215.50398472441
353.00166 420.547528511447 46.7361578112992 252.535984724093 796.66863503443 1228.1786296178
353.50166 407.14808144397 59.6865214309248 248.983899728213 811.334132098701 1253.05025838599
354.00166 404.789694309711 62.7492012324032 243.506204513201 849.265562492076 1271.7153088979
354.50166 407.775038221319 62.4167544495366 242.254811654498 859.433356661725 1291.85816723007
355.00166 421.424670654668 68.3808633214029 245.62620137861 874.090972799318 1295.88605166232
355.50166 434.059909596996 79.295802293513 256.525506975332 902.662406947484 1314.08182204495
356.00166 416.374895242761 91.3247318018119 258.39091896242 925.972545962459 1322.51143292445
356.50166 422.612229952435 81.6258457984222 259.436594731932 953.470778254545 1358.92652713114
357.00166 447.036800133879 82.9040024608384 262.792715888348 986.530867693034 1443.56273789103
357.50166 469.683389172221 77.364049722557 265.652001219442 1012.91978260428 1483.23562793256
358.00166 481.537809048018 72.3991335774879 269.57787162239 1032.28543389304 1510.38393146827
358.50166 493.480632911992 90.6033336610895 277.911673644145 1043.23311589654 1547.97742272269
359.00166 507.521509662659 81.9626750215116 295.854701041853 1059.12928729804 1595.48251261294
359.50166 512.226182813986 77.3659163253178 308.417133081686 1067.9407876802 1627.32315884262
360.00166 525.32521581465 80.4282278574543 320.196624530388 1098.86999199525 1672.83593424296
360.50166 552.021535337305 78.4859887135289 328.521129751163 1116.38680083843 1683.19660654838
361.00166 577.553143530372 67.2007780627691 335.583400070479 1141.50134815228 1705.14721635291
361.50166 611.716264091269 71.2268852573407 345.566018037533 1169.16675280857 1680.79362978916
362.00166 656.508798257143 87.2224073345866 357.573593076856 1189.98221501359 1691.13708320553
362.50166 654.298697725262 87.7137394945905 380.644685015174 1181.53073377297 1622.39713865651
363.00166 644.691611095446 81.5731469548999 389.715406406009 1195.77545980353 1594.95206263879
363.50166 685.317830647647 100.282450887184 407.204192841379 1190.04868890013 1605.28066890537
364.00166 723.441352568842 110.335668776549 409.46194414429 1191.82828502575 1625.22327383752
364.50166 744.862402343025 107.04810203337 426.207948629403 1196.05919625998 1633.985066269
365.00166 760.470017655309 110.19587011933 429.87873117316 1198.64184721409 1632.66896400279
365.50166 783.20250051528 132.819829026783 444.713689746346 1198.61955792692 1654.08818533612
366.00166 809.600348696918 151.791964913415 464.956357327541 1204.98573141434 1623.04083364283
366.50166 793.335185419538 159.898945792994 481.015652215252 1210.23673381488 1569.15284104773
367.00166 813.071729465698 165.84076682538 489.286178731889 1202.05447535205 1588.20322480886
367.50166 826.601453234294 155.03192276774 497.270812260314 1215.30551386361 1587.12778849103
368.00166 802.767613318871 140.553332267466 492.029650815428 1224.95738760293 1586.18468196606
368.50166 795.892625119723 128.414925877142 504.110964524364 1241.08151327589 1588.88801470841
369.00166 824.925148988519 162.024102591475 503.565767688777 1243.96164498909 1578.77719310626
369.50166 853.948671407736 199.109852500459 527.669460282832 1241.47560328014 1593.05661013939
370.00166 843.464992140885 256.999376220587 543.728893710036 1243.31298489391 1605.82396392127
370.50166 815.233606391147 278.614536092327 545.277892898503 1237.31528068384 1623.20506600491
371.00166 830.237686663775 308.295595741274 563.370918436589 1231.57476642649 1610.38882676865
371.50166 864.065096017841 324.749035209133 562.450332047992 1228.62518133127 1648.51127434928
372.00166 888.185477398126 341.459246617161 576.679312074132 1246.28082439423 1635.97839390978
372.50166 905.239281887262 354.127076367233 586.750733658796 1248.68236612906 1650.77907222502
373.00166 906.879819903365 376.418511091435 605.163024021234 1248.03862397265 1641.00597495848
373.50166 923.861634683315 396.733084144579 630.477847131093 1248.04183294413 1605.4188364343
374.00166 955.727269408127 433.502084252623 652.207985521315 1227.77480906682 1539.06183767155
374.50166 969.929216295043 469.235968699517 686.875252804116 1218.66542677119 1512.41252969786
375.00166 977.737708720038 509.583756632022 721.023947230215 1211.80550810398 1513.35267210982
375.50166 978.103037257607 549.675882532206 739.986103229712 1212.02773123208 1458.59953806034
376.00166 1008.35779713721 580.038190778275 754.350080480654 1215.16470514449 1461.49896075642
376.50166 1020.87022182866 610.776027284051 774.733155214518 1220.3358074621 1459.0667034775
377.00166 1023.5858226676 634.223990996173 799.530084807389 1208.83069220039 1440.65895317043
377.50166 1023.25456798451 677.459600949257 822.33029889802 1206.55802185554 1400.97591326622
378.00166 1025.93716638297 699.583517367246 843.497908176138 1217.03959675456 1385.3189663586
378.50166 1069.9694246294 712.229705259644 852.567938366066 1223.27825807809 1389.26978885122
379.00166 1056.21637437104 724.447095428712 857.416972564258 1237.27767761929 1397.40494277123
379.50166 1046.97566900611 714.601122981801 855.381723365136 1251.83536233505 1425.43548057319
380.00166 1070.92213629582 722.484606352527 867.724699721781 1264.36550199877 1437.22355454916
380.50166 1071.72680613687 734.617991346645 879.31717427829 1278.01898274316 1453.74748886831
381.00166 1029.63049248383 716.006153233178 868.942133776948 1288.62043861009 1476.6253762484
381.50166 1021.37684279692 679.781603518951 866.153286921975 1301.13148324636 1530.51896965903
382.00166 1152.04841183174 646.519853804386 854.60224248905 1328.37373430209 1588.1640466416
382.50166 1150.9178535904 599.380607397636 836.297079532324 1342.93171949531 1607.06679080604
383.00166 1097.59210890762 586.388094750105 825.198839656474 1356.86178000906 1642.56319911388
383.50166 1106.14142951557 554.707918631995 816.78695429788 1366.04456950175 1650.64517451967
384.00166 1105.57730003931 526.113916975585 795.360648953637 1364.74485771745 1638.18463443117
384.50166 1025.32003166388 492.908049763232 768.693316498356 1369.97747840253 1667.24973870535
385.00166 1017.22157178574 456.895207679759 734.492873865366 1364.02743011261 1695.63352689794
385.50166 1024.89847564809 427.696858214491 709.281644305661 1373.07028904816 1764.49537475693
386.00166 1025.77967348531 374.814890814299 686.123029134413 1380.02387758104 1810.26268438491
386.50166 1011.65942447796 359.784029753066 672.8788548919 1383.44372690606 1851.34549097127
387.00166 965.312065474727 338.198739892501 661.163998190518 1383.5221578897 1882.21459851797
387.50166 903.29848359417 306.371484151343 645.193129971133 1376.3394874003 1882.8145571326
388.00166 903.075045679878 301.216099327325 618.214804307698 1373.943678335 1862.90928798986
388.50166 925.284982171908 295.425175314962 589.846887274147 1392.8723897265 1877.51236365589
389.00166 947.244072638921 294.522681052851 558.582765358812 1406.9310573143 1923.51406005144
389.50166 974.71803571557 273.966600598333 538.444613638903 1428.04862571291 1974.42755605501
390.00166 984.446302938775 262.313091867903 527.225544525603 1448.12616592512 2010.37479020363
390.50166 999.468662919771 270.277625837549 535.31323892931 1466.34537449652 2047.23613606159
391.00166 952.401315905851 275.182950683015 554.64651520706 1486.07840587632 2099.12710067129
391.50166 898.65364631097 278.058080537273 567.174905237395 1515.05096621194 2143.65436985619
392.00166 929.400299097352 293.680524696745 569.119663292129 1567.9877638746 2227.07543213268
392.50166 976.489361504604 255.868385962779 594.223362802881 1608.52185231797 2311.30138766004
393.00166 1075.59100129276 257.453987373949 604.038357574354 1671.18668395966 2336.42563524336
393.50166 1169.3370352775 279.35734725326 610.703848034242 1725.83212703546 2361.4634076011
394.00166 1254.75554683651 291.678373856822 631.7350390904 1776.77745221561 2402.06192159981
394.50166 1326.20467809632 294.386364410359 661.145782050774 1847.70940515287 2463.76017547259
395.00166 1381.92559014577 277.28198117423 715.16480724111 1922.40823086406 2493.53123146163
395.50166 1189.44113837093 265.722190218319 742.395798072153 2006.57623549149 2537.07557742781
396.00166 1176.43715842681 256.559959996655 779.088477371113 2083.8333429072 2632.56378968097
396.50166 1193.62111571071 247.930493803572 816.695049659551 2146.88465273603 2706.18525265899
397.00166 1247.35130878824 227.427786201151 850.474015661728 2195.48350213336 2760.38840608858
397.50166 1314.845158591 258.903634394486 880.794180823368 2228.94572691746 2791.58684550547
398.00166 1444.2922922968 293.478212600869 908.008536107061 2260.8505083524 2832.08051047194
398.50166 1547.29918303389 315.027976464549 943.25703912124 2279.86781360084 2857.60932639476
399.00166 1600.64765379497 309.825699030533 957.952171012761 2314.27855836008 2881.55987304087
399.50166 1725.41465085121 351.678233247699 977.288480786827 2353.21546234959 2922.99935679611
400.00166 1788.54700027665 392.451886182617 1005.20038377862 2391.89847062701 2945.11190685755
400.50166 1787.08918785089 354.246775968612 1017.94906910896 2421.51971362923 2972.78322011873
401.00166 1789.18668060052 334.45815402133 1035.51299795007 2439.16120930001 2983.75808167397
401.50166 1759.37475493354 330.748739011105 1073.1169693392 2457.47092403922 3001.57899646267
402.00166 1697.75792182935 344.954684185765 1101.17281739292 2499.52885541146 3033.62714883925
402.50166 1671.0830700082 398.322176841598 1127.9630101535 2527.84823573102 3034.79276449973
403.00166 1687.23617818099 439.834002082548 1127.8867701709 2557.27999198694 3076.21361365
403.50166 1709.54270965572 501.730908226135 1122.45792469035 2577.18864726149 3097.25219314023
404.00166 1739.13451326392 522.828983872398 1121.71780678973 2583.80053946053 3130.42500659192
404.50166 1763.9306426117 547.433409688219 1137.22188859072 2608.19096262198 3173.09347967893
405.00166 1773.78146726621 560.059117991378 1172.77400613965 2605.85886637836 3152.84754560924
405.50166 1818.24305326013 641.994664455972 1215.89514870059 2578.41784447704 3174.76224567319
406.00166 1880.60739189291 721.108669297128 1274.01125621039 2583.546887783 3188.40097960751
406.50166 1877.20774716446 844.501489073343 1326.65445476211 2570.09275878208 3165.19475203228
407.00166 1871.20451067381 890.715279270951 1358.4713562123 2575.20747383561 3162.61509619383
407.50166 1938.80246315426 898.889153254241 1373.84842963974 2593.44914234552 3139.9189010221
408.00166 1955.20795998784 907.3649419724 1380.01378909685 2603.05589670759 3127.89163264839
408.50166 1923.855336274 950.667455741686 1398.56866271102 2598.99222563644 3072.62542297763
409.00166 1962.59016664706 996.180565237034 1399.11566215764 2591.50436231654 3089.8571088294
409.50166 2000.17110452636 994.667811188027 1396.99463365648 2582.55269457344 3092.39300239774
410.00166 1967.3108492986 977.613707562081 1367.09827141251 2587.39558659303 3159.29971418476
410.50166 1909.71278469335 882.339356765269 1322.08512214032 2593.3249269727 3257.97479134335
411.00166 1930.64173530524 840.398133506933 1283.93909483692 2614.97787815691 3353.08300043795
411.50166 1913.13036883711 778.9202735097 1235.24596115487 2642.58922951424 3416.86685446905
412.00166 1861.63390881339 721.152734712133 1199.95492629912 2645.86177169489 3435.28615788617
412.50166 1817.44627547206 636.230741838354 1149.19765295285 2643.27962253188 3449.40704808331
413.00166 1799.52918062039 561.175734372887 1090.53963052294 2642.1760583209 3459.06964251352
413.50166 1729.71439878483 498.195202734898 1030.27636081663 2643.93999351287 3480.35590939834
414.00166 1476.81754465272 395.65389329054 970.341841066724 2607.45059328088 3478.82815278103
414.50166 1368.17440396432 313.240527517166 894.513020708818 2602.14484479777 3465.20869345
415.00166 1325.22789438385 281.626506630139 840.889565766905 2580.8765981069 3496.13971720513
415.50166 1301.81090246516 275.93763649452 822.639249757419 2545.91774479214 3480.35309886127
416.00166 1335.68254051443 250.31702881909 791.750434858326 2513.38142003403 3408.45165155783
416.50166 1351.12775317261 196.924150800273 776.779297844542 2501.40651421817 3367.75919476517
417.00166 1387.38223438062 184.065994539683 768.9235535202 2467.53777723754 3258.04040729469
417.50166 1386.93315354581 138.137294070973 753.944685053771 2439.09697589567 3197.73864205807
418.00166 1348.14910931649 105.918418889934 721.465049063979 2417.0362777882 3129.56628662464
418.50166 1334.14134971258 82.0694569586345 700.289358146284 2398.59394966048 3103.76367111458
419.00166 1308.14719886584 88.8500833779361 702.470563825368 2359.49328437621 3049.7050037769
419.50166 1284.9534618124 40.4122384501331 705.025723624172 2327.70105626907 3009.0219302134
420.00166 1330.35664157291 18.8338695478085 711.233575192617 2299.50608532552 2984.63735731105
420.50166 1493.30217190856 13.1626239902055 697.983282113054 2244.86564525531 2956.05490366097
421.00166 1474.57933275047 35.2559638974936 685.464490318106 2214.24783661691 2969.95596722967
421.50166 1354.39539406841 -3.1657449926046 667.895166431391 2214.76572129104 2961.84899866706
422.00166 1289.16625850967 -71.6669203028663 656.470672437361 2212.72436616591 2940.08027169614
422.50166 1274.58712073848 -67.7642100551298 653.79200230903 2196.42896900173 2904.5313428948
423.00166 1257.25362584423 -97.9706721980311 619.465802401806 2181.19109301286 2860.85244611877
423.50166 1229.32270433041 -131.016106152079 586.664541986763 2165.30800410934 2884.53124092726
424.00166 1203.52816948299 -147.447719672105 561.290334655781 2166.33374386554 2885.79917109751
424.50166 1171.47242670216 -157.332580269915 518.963122892349 2141.66954439645 2874.54612673488
425.00166 1174.51794688112 -166.481887301232 477.995418671008 2135.39782135411 2888.89751593257
425.50166 1159.94953589145 -212.363869392883 441.483531216109 2114.60403860114 2883.61861545192
426.00166 1097.15622348551 -247.240129883328 416.761675742071 2090.07768918874 2855.81670387035
426.50166 1058.96444654158 -263.928577840006 393.292008000447 2055.88625139696 2805.83512105199
427.00166 1053.14402755385 -244.475570974377 376.257825300734 1975.98836167683 2793.22630687847
427.50166 834.432589967952 -256.611728374294 363.311152060899 1898.90938814285 2680.74957886295
428.00166 765.76732058805 -222.240396241534 358.860428279376 1829.75195876571 2605.62232359012
428.50166 720.243281043363 -179.602026959116 354.294571163504 1736.6523609121 2580.02622237679
429.00166 676.370133912066 -168.38799704111 353.397932273961 1677.62391973831 2523.53530496219
429.50166 646.998808301286 -154.599462180334 367.601715759572 1606.61056351193 2425.02060486736
430.00166 632.570721330402 -118.623263053962 378.879897384382 1540.72123480104 2309.23846001151
430.50166 642.196522008748 -81.8594567587061 393.252783144356 1462.819520158 2178.57364488386
431.00166 648.959654488193 -36.5550394025746 414.739175498509 1376.26111776997 2057.85309460026
431.50166 649.105083801751 9.41755040694236 413.928341386754 1307.91849141432 1956.43848718623
432.00166 654.170381081836 76.8307918048218 427.833535521159 1218.2540194967 1837.28889746578
432.50166 692.543154965384 92.4340970443082 423.158500767141 1146.21512277474 1752.42082860224
433.00166 672.51024586621 107.373019711191 409.536238652646 1102.48115721678 1692.46172289468
433.50166 638.275373499937 122.859173109587 415.23639968668 1056.7527671323 1597.98627125295
434.00166 628.622022850215 158.056930112881 418.722959147125 1027.14902846048 1497.35908365639
434.50166 602.175061309749 171.332596835141 424.920332555192 998.836459414428 1427.07285908206
435.00166 598.994761773675 174.75936099851 426.790879074233 953.836759561586 1388.40016554333
435.50166 621.841373662024 204.393198029233 419.997588109937 928.773226372146 1336.21380502045
436.00166 626.730592525214 218.123596947739 428.081780069987 908.234042272665 1277.89208211827
436.50166 625.391677177086 243.327689448029 428.650825672565 894.003290727973 1242.13344457714
437.00166 670.890780646607 243.459366012168 431.558045039032 873.989753328058 1205.84728376401
437.50166 658.008880791106 262.737410705883 440.226821421518 860.681490624741 1165.52952901838
438.00166 640.466191421272 270.897050890949 440.938633135722 855.817433698893 1121.334397891
438.50166 651.803223391443 281.410259475552 442.232143183301 848.575084542514 1097.90657327725
439.00166 620.800781131182 264.312822777817 442.236074777737 842.920763055314 1060.5583607736
439.50166 590.721469352505 257.51696733275 445.426724109076 834.992549343526 1033.56319454764
440.00166 573.807438331825 269.355249734704 451.439397593689 826.733727637061 1025.21729011336
440.50166 673.924446199783 281.421107067269 455.705143683417 817.87161063178 1012.86648892346
441.00166 678.311571709327 292.605350644192 451.943985478023 809.221661622791 1007.63191650791
441.50166 669.968794522134 308.221993179148 455.162993535642 807.050475348226 1004.5398873579
442.00166 651.50888942006 301.655401484338 446.732534471125 798.311898015998 1000.35859483936
442.50166 639.369468422992 301.746171935497 449.229521078658 786.728663080988 987.942568912474
443.00166 628.107316774601 301.197317619566 445.055318305522 783.26787943039 969.764742072656
443.50166 612.318358655959 301.950377653573 442.870244460543 778.496174298123 957.521612357106
444.00166 601.646973168287 300.129191152073 441.251218872702 771.056342328581 957.281409915489
444.50166 592.134792259541 293.959887631186 438.539146744714 759.498452936437 936.76217589085
445.00166 586.621919818622 290.433140800193 433.661309805446 749.872262090762 930.6745203139
445.50166 582.180489898644 283.926282474467 434.394737792817 737.44919355859 903.997427576224
446.00166 516.031684295144 283.321077841166 430.379843541458 723.571046914709 889.157723368591
446.50166 509.884886222888 289.541726524555 428.254662602526 715.273445617886 864.458392800413
447.00166 504.564675074562 283.979729280827 423.580636294488 704.393994619275 847.809930649189
447.50166 499.311841756533 289.409128924643 417.736843953564 692.193259734846 831.49814449755
448.00166 493.54978400551 290.621291690703 412.668105386357 682.258123996389 816.804121100052
448.50166 542.185754023366 294.965118178246 407.734974349015 667.842176330216 793.21591118099
449.00166 522.56777916384 287.860022305644 407.429432408611 650.576246690126 771.734539770481
449.50166 509.472696557646 288.587983719744 404.9508791977 639.414664821903 744.595884949519
450.00166 497.117915835665 277.78642045535 394.136218564761 626.45304112934 735.678227620937
450.50166 489.29280985484 270.270074780874 386.889942422126 611.670878334268 710.951287876333
451.00166 481.980109389415 253.710168664161 372.176047540966 605.100121069031 701.734518107103
451.50166 468.221381669313 231.191598426982 356.557333339419 600.446023301261 713.969255383116
452.00166 454.2340466897 209.956749635302 337.418814289166 595.60222383088 725.103442189734
452.50166 447.902905703787 177.973269577451 310.376408033506 598.449077746207 739.468630360453
453.00166 443.15487129665 147.630468296976 284.060951542744 606.346365421698 774.076145600103
453.50166 390.552942732188 93.4928034413546 249.472195681667 619.952751107979 796.618741345767
