Age	CO2	CO2do	CO2up	Study	
#DelaVega data includes Martinez-Boti et al. 2015 data recalculated. G. ruber					
2337.82	311.72	271.28	361.38	DelaVega2020	
2346.71	311.36	261.36	364.33	DelaVega2020	
2352.72	302.54	254.48	354.00	DelaVega2020	
2372.2	391.11	340.57	444.85	DelaVega2020	
2381.29	358.07	290.27	414.99	DelaVega2020	
2389.32	367.79	305.54	428.87	DelaVega2020	
2410.92	275.33	232.50	320.55	DelaVega2020	
2424.89	326.63	278.12	379.57	DelaVega2020	
2451.23	315.30	256.78	367.59	DelaVega2020	
2474.49	334.92	283.26	392.99	DelaVega2020	
2500.4	351.33	305.40	411.44	DelaVega2020	
2501.4	358.50	308.96	412.98	DelaVega2020	
2521.93	249.23	209.30	283.35	DelaVega2020	
2545.15	328.13	276.21	379.27	DelaVega2020	
2561.9	300.53	264.05	339.38	DelaVega2020	
2579.43	328.47	280.56	383.10	DelaVega2020	
2594.84	355.93	293.28	411.38	DelaVega2020	
2615.07	277.38	235.94	317.23	DelaVega2020	
2624.5	303.60	252.01	350.54	DelaVega2020	
2630.91	250.21	210.34	291.09	DelaVega2020	
2648.26	283.57	243.70	318.30	DelaVega2020	
2664.7	300.79	252.86	347.61	DelaVega2020	
2673.02	262.27	227.33	298.06	DelaVega2020	
2680.36	316.53	271.95	355.36	DelaVega2020	
2686.56	283.80	241.64	333.04	DelaVega2020	
2695.16	276.55	235.56	320.93	DelaVega2020	
2700.04	237.75	196.82	276.26	DelaVega2020	
2703.2	317.68	274.59	369.06	DelaVega2020	
2707.21	266.27	227.01	305.74	DelaVega2020	
2745.52	336.56	279.86	388.50	DelaVega2020	
2751.48	318.78	272.08	375.02	DelaVega2020	
2764.19	350.30	296.58	402.95	DelaVega2020	
2777.48	277.04	239.19	321.17	DelaVega2020	
2798.54	282.71	245.43	322.72	DelaVega2020	
2830.18	315.58	258.58	367.83	DelaVega2020	
2831.68	358.53	298.45	422.89	DelaVega2020	
2838.9	377.31	329.70	437.42	DelaVega2020	
2849.18	307.26	254.60	366.72	DelaVega2020	
2858.32	426.55	364.38	503.33	DelaVega2020	
2912.38	358.25	302.50	417.67	DelaVega2020	
2923.56	365.09	314.52	424.71	DelaVega2020	
2941.58	329.99	280.48	374.81	DelaVega2020	
2950.49	346.28	298.57	406.06	DelaVega2020	
2951.16	404.33	345.83	496.93	DelaVega2020	
2959.6	339.39	286.02	390.06	DelaVega2020	
2978.07	324.45	268.70	378.54	DelaVega2020	
3002.81	356.63	297.93	405.83	DelaVega2020	
3011	348.90	298.83	396.92	DelaVega2020	
3027.58	368.68	311.46	428.80	DelaVega2020	
3042.66	401.33	345.03	465.97	DelaVega2020	
3050.02	400.68	346.78	456.10	DelaVega2020	
3059.03	351.27	298.78	407.45	DelaVega2020	
3062.96	397.28	326.73	478.91	DelaVega2020	
3066.54	367.49	311.24	424.69	DelaVega2020	
3091.18	327.51	279.92	371.49	DelaVega2020	
3100.18	310.58	270.39	356.13	DelaVega2020	
3114.24	380.73	330.43	454.26	DelaVega2020	
3133.15	335.57	287.10	392.89	DelaVega2020	
3143.17	320.81	270.39	376.48	DelaVega2020	
3149.8	282.21	230.69	323.89	DelaVega2020	
3151.9	385.93	297.55	473.71	DelaVega2020	
3152.24	352.24	297.43	421.96	DelaVega2020	
3153.05	337.37	268.65	412.39	DelaVega2020	
3155.33	313.45	259.94	361.23	DelaVega2020	
3156.8	462.08	400.09	533.42	DelaVega2020	
3157.94	332.82	277.34	395.39	DelaVega2020	
3158.75	323.62	265.95	371.18	DelaVega2020	
3160.05	329.31	284.16	396.05	DelaVega2020	
3161.92	406.15	335.28	485.97	DelaVega2020	
3163.14	358.91	289.07	419.14	DelaVega2020	
3171.55	432.91	364.93	503.47	DelaVega2020	
3179.79	372.75	314.27	441.86	DelaVega2020	
3181.53	302.25	255.41	351.26	DelaVega2020	
3185.27	339.44	275.05	402.40	DelaVega2020	
3186.41	478.96	384.61	572.26	DelaVega2020	
3189.19	280.01	236.94	319.67	DelaVega2020	
3190.83	394.89	324.72	477.06	DelaVega2020	
3195.95	424.52	361.44	504.70	DelaVega2020	
3198.73	319.22	269.22	369.19	DelaVega2020	
3202.88	343.86	293.01	391.64	DelaVega2020	
3205.3	435.92	355.68	558.23	DelaVega2020	
3208.31	363.67	306.30	445.43	DelaVega2020	
3209.38	321.34	270.45	382.03	DelaVega2020	
3211.02	381.96	321.46	456.52	DelaVega2020	
3216.14	348.87	284.78	408.06	DelaVega2020	
3220.06	389.40	317.40	462.34	DelaVega2020	
3223.98	379.35	310.47	467.87	DelaVega2020	
3224.6	364.73	306.31	434.94	DelaVega2020	
3230.61	422.85	349.37	519.37	DelaVega2020	
3233.02	304.47	250.31	365.68	DelaVega2020	
3236.04	364.82	305.91	435.11	DelaVega2020	
3239.89	412.63	339.58	489.99	DelaVega2020	
3242.93	340.61	293.57	396.06	DelaVega2020	
3245.81	310.63	265.49	357.78	DelaVega2020	
3247.82	394.18	326.67	485.62	DelaVega2020	
3254.13	354.41	290.06	417.84	DelaVega2020	
3259.58	331.13	279.67	399.36	DelaVega2020	
3260.77	372.38	299.72	445.11	DelaVega2020	
3268.07	354.63	305.32	419.16	DelaVega2020	
3270.17	349.70	282.94	419.39	DelaVega2020	
3278.7	393.93	327.88	489.56	DelaVega2020	
3280.6	302.47	261.99	351.41	DelaVega2020	
3286.67	307.31	267.79	354.87	DelaVega2020	
3290.24	360.37	289.16	431.25	DelaVega2020	
3293.11	302.48	258.98	348.89	DelaVega2020	
3296.43	394.34	318.10	471.79	DelaVega2020	
3299.45	384.40	313.97	459.36	DelaVega2020	
3302.61	460.72	379.23	557.87	DelaVega2020	
3304.12	413.95	335.80	485.72	DelaVega2020	
3310.76	408.21	339.04	464.23	DelaVega2020	
3314.6	415.32	355.50	498.41	DelaVega2020	
3317.52	323.27	261.79	380.73	DelaVega2020	
3320.3	369.92	317.44	438.15	DelaVega2020	
3323.22	296.17	252.45	354.01	DelaVega2020	
3326.14	421.86	349.06	494.03	DelaVega2020	
3329.2	327.09	273.83	381.13	DelaVega2020	
3332.13	314.17	266.67	374.91	DelaVega2020	
#Bartoli et al. 2011 data recalcuated by Sosdian et al. 2018; T. sacculifer					
1975.13	258.23	224.78	296.97	Bartoli2011	
2026.54	292.30	255.18	335.34	Bartoli2011	
2078.09	266.90	231.80	307.74	Bartoli2011	
2161.01	253.94	221.22	291.86	Bartoli2011	
2166.04	368.70	318.84	427.08	Bartoli2011	
2201.34	219.03	191.05	249.78	Bartoli2011	
2201.34	327.44	284.85	377.41	Bartoli2011	
2201.94	377.22	327.26	436.40	Bartoli2011	
2304.67	253.60	220.25	291.25	Bartoli2011	
2502.94	341.61	297.21	393.52	Bartoli2011	
2558.58	295.76	253.33	344.45	Bartoli2011	
2600.86	251.60	220.38	286.90	Bartoli2011	
2685.47	250.40	217.13	290.69	Bartoli2011	
2702.23	326.54	283.18	377.48	Bartoli2011	
2705.51	315.10	274.00	363.83	Bartoli2011	
2708.11	268.50	234.48	308.68	Bartoli2011	
2710.46	334.04	265.07	429.35	Bartoli2011	
2751.56	305.31	266.07	350.68	Bartoli2011	
2772.86	358.52	313.18	414.25	Bartoli2011	
2778.72	375.50	324.66	434.80	Bartoli2011	
2781.41	324.09	282.01	372.00	Bartoli2011	
2781.41	319.59	278.18	366.91	Bartoli2011	
2795.49	315.50	274.58	363.60	Bartoli2011	
2918.77	277.84	240.58	321.96	Bartoli2011	
3000.57	357.12	309.51	413.50	Bartoli2011	
3073.92	284.47	247.43	330.28	Bartoli2011	
3081.38	363.44	312.38	422.13	Bartoli2011	
3104.91	291.78	254.82	335.10	Bartoli2011	
3155.92	266.47	226.64	313.36	Bartoli2011	
3218.57	273.96	236.51	319.85	Bartoli2011	
3239.17	322.92	280.80	373.10	Bartoli2011	
3259.15	268.91	231.26	313.00	Bartoli2011	
3321.60	286.23	248.47	331.65	Bartoli2011	
3403.24	280.17	242.80	323.56	Bartoli2011	
3406.73	287.67	247.75	336.35	Bartoli2011	
3471.47	306.20	264.64	354.47	Bartoli2011	
3542.53	320.07	274.74	374.97	Bartoli2011	
3590.77	303.58	261.53	353.05	Bartoli2011	
3716.06	317.84	274.26	370.30	Bartoli2011	
3792.18	286.14	244.60	335.24	Bartoli2011	
3870.13	375.51	321.84	439.26	Bartoli2011	
3961.07	308.55	264.77	359.18	Bartoli2011	
4036.18	320.13	275.14	375.18	Bartoli2011	
4117.13	351.91	298.18	416.27	Bartoli2011	
4187.49	278.13	240.10	321.66	Bartoli2011	
4187.49	533.59	449.91	640.82	Bartoli2011	
4580.30	376.32	319.19	444.17	Bartoli2011	
3870.13	360.38	302.90	428.99	Bartoli2011	
4580.30	363.26	306.58	430.17	Bartoli2011	
#G.ruber					
1087.3	228.00	194.00	263.00	Chalk2017.MPT	
1088.7	255.00	219.00	293.00	Chalk2017.MPT	
1090	218.00	186.00	251.00	Chalk2017.MPT	
1092.7	237.00	202.00	273.00	Chalk2017.MPT	
1094.7	247.00	210.00	284.00	Chalk2017.MPT	
1099.5	323.00	280.00	367.00	Chalk2017.MPT	
1102.4	301.00	260.00	344.00	Chalk2017.MPT	
1103.2	287.00	244.00	331.00	Chalk2017.MPT	
1106.2	242.00	208.00	278.00	Chalk2017.MPT	
1107.8	261.00	223.00	299.00	Chalk2017.MPT	
1110.3	282.00	243.00	321.00	Chalk2017.MPT	
1112.8	242.00	206.00	278.00	Chalk2017.MPT	
1115.3	222.00	189.00	256.00	Chalk2017.MPT	
1117.9	209.00	177.00	241.00	Chalk2017.MPT	
1120.4	243.00	208.00	279.00	Chalk2017.MPT	
1123.1	197.00	166.00	228.00	Chalk2017.MPT	
1126.1	243.00	208.00	280.00	Chalk2017.MPT	
1127.8	242.00	206.00	278.00	Chalk2017.MPT	
1131	247.00	212.00	283.00	Chalk2017.MPT	
1136.6	292.00	254.00	333.00	Chalk2017.MPT	
1140	308.00	266.00	354.00	Chalk2017.MPT	
1143.2	280.00	239.00	323.00	Chalk2017.MPT	
1145.3	298.00	257.00	342.00	Chalk2017.MPT	
1148.9	315.00	266.00	367.00	Chalk2017.MPT	
1150.9	262.00	224.00	301.00	Chalk2017.MPT	
1154.1	246.00	210.00	284.00	Chalk2017.MPT	
1157.8	302.00	260.00	347.00	Chalk2017.MPT	
1160.7	311.00	269.00	357.00	Chalk2017.MPT	
1162.9	274.00	236.00	313.00	Chalk2017.MPT	
1169.9	283.00	246.00	324.00	Chalk2017.MPT	
1177.6	272.00	234.00	310.00	Chalk2017.MPT	
1179.7	262.00	224.00	300.00	Chalk2017.MPT	
1181.8	229.00	195.00	262.00	Chalk2017.MPT	
1184.1	222.00	189.00	256.00	Chalk2017.MPT	
1186	254.00	219.00	293.00	Chalk2017.MPT	
1188.1	264.00	227.00	302.00	Chalk2017.MPT	
1191.3	211.00	180.00	244.00	Chalk2017.MPT	
1195.2	203.00	172.00	236.00	Chalk2017.MPT	
1203.3	189.00	160.00	220.00	Chalk2017.MPT	
1206.8	213.00	181.00	245.00	Chalk2017.MPT	
1210	235.00	201.00	272.00	Chalk2017.MPT	
1214.5	288.00	249.00	328.00	Chalk2017.MPT	
1216.4	272.00	234.00	312.00	Chalk2017.MPT	
1218.5	301.00	259.00	346.00	Chalk2017.MPT	
1224.2	253.00	215.00	290.00	Chalk2017.MPT	
1227.2	271.00	233.00	311.00	Chalk2017.MPT	
1230.7	314.00	270.00	360.00	Chalk2017.MPT	
1233.9	295.00	255.00	337.00	Chalk2017.MPT	
1236.2	260.00	224.00	298.00	Chalk2017.MPT	
1239.8	266.00	228.00	305.00	Chalk2017.MPT	
1243.3	289.00	250.00	328.00	Chalk2017.MPT	
#G. ruber					
3.9	276.00	234.00	322.00	Chalk2017.LP	
4.6	264.00	227.00	305.00	Chalk2017.LP	
5	284.00	242.00	332.00	Chalk2017.LP	
7.8	258.00	219.00	303.00	Chalk2017.LP	
7.8	270.00	226.00	320.00	Chalk2017.LP	
9.5	268.00	227.00	314.00	Chalk2017.LP	
10.3	240.00	198.00	288.00	Chalk2017.LP	
11.7	258.00	217.00	305.00	Chalk2017.LP	
14	234.00	197.00	276.00	Chalk2017.LP	
15.1	230.00	194.00	271.00	Chalk2017.LP	
15.1	218.00	181.00	258.00	Chalk2017.LP	
17.3	222.00	188.00	260.00	Chalk2017.LP	
19.2	161.00	130.00	195.00	Chalk2017.LP	
21.1	199.00	167.00	233.00	Chalk2017.LP	
22.6	202.00	169.00	238.00	Chalk2017.LP	
24.4	180.00	149.00	212.00	Chalk2017.LP	
25.5	171.00	138.00	208.00	Chalk2017.LP	
25.5	166.00	137.00	198.00	Chalk2017.LP	
35.8	213.00	178.00	251.00	Chalk2017.LP	
46.6	208.00	174.00	245.00	Chalk2017.LP	
52.1	198.00	164.00	236.00	Chalk2017.LP	
61.3	198.00	161.00	243.00	Chalk2017.LP	
77.3	237.00	199.00	282.00	Chalk2017.LP	
84.3	238.00	195.00	288.00	Chalk2017.LP	
89.1	264.00	223.00	313.00	Chalk2017.LP	
100.4	275.00	228.00	328.00	Chalk2017.LP	
106.1	252.00	210.00	300.00	Chalk2017.LP	
111.3	283.00	244.00	326.00	Chalk2017.LP	
116.8	312.00	254.00	381.00	Chalk2017.LP	
118.8	329.00	269.00	403.00	Chalk2017.LP	
119.1	304.00	262.00	351.00	Chalk2017.LP	
121.8	341.00	287.00	400.00	Chalk2017.LP	
123.8	267.00	224.00	315.00	Chalk2017.LP	
124.4	284.00	245.00	325.00	Chalk2017.LP	
127.5	273.00	236.00	314.00	Chalk2017.LP	
130.9	282.00	231.00	345.00	Chalk2017.LP	
131.9	247.00	210.00	285.00	Chalk2017.LP	
133.2	235.00	202.00	272.00	Chalk2017.LP	
134	207.00	174.00	241.00	Chalk2017.LP	
135.6	207.00	175.00	241.00	Chalk2017.LP	
139	206.00	174.00	240.00	Chalk2017.LP	
146.7	214.00	181.00	249.00	Chalk2017.LP	
150	206.00	174.00	240.00	Chalk2017.LP	
169.8	206.00	173.00	240.00	Chalk2017.LP	
179.9	204.00	173.00	238.00	Chalk2017.LP	
184.4	213.00	180.00	248.00	Chalk2017.LP	
190	223.00	190.00	258.00	Chalk2017.LP	
191.7	224.00	190.00	260.00	Chalk2017.LP	
198.1	250.00	214.00	287.00	Chalk2017.LP	
211.6	280.00	240.00	322.00	Chalk2017.LP	
220.4	261.00	226.00	301.00	Chalk2017.LP	
223.7	260.00	222.00	301.00	Chalk2017.LP	
227.1	233.00	199.00	270.00	Chalk2017.LP	
235.8	264.00	225.00	305.00	Chalk2017.LP	
239.5	243.00	208.00	281.00	Chalk2017.LP	
242.9	279.00	240.00	321.00	Chalk2017.LP	
247.2	262.00	227.00	302.00	Chalk2017.LP	
250.1	223.00	190.00	258.00	Chalk2017.LP	
257.8	232.00	199.00	269.00	Chalk2017.LP	
#Hoenisch et al 2009 data with assumed 25 ppm uncertainty T. sacculifer					
3.6	283.40	258.40	308.40	Hoenisch2009	
14.6	253.90	228.90	278.90	Hoenisch2009	
20.4	183.40	158.40	208.40	Hoenisch2009	
40.8	218.40	193.40	243.40	Hoenisch2009	
70.6	246.30	221.30	271.30	Hoenisch2009	
113.6	267.30	242.30	292.30	Hoenisch2009	
123.2	317.80	292.80	342.80	Hoenisch2009	
128.1	279.30	254.30	304.30	Hoenisch2009	
136.8	194.90	169.90	219.90	Hoenisch2009	
138.6	175.20	150.20	200.20	Hoenisch2009	
329.1	294.80	269.80	319.80	Hoenisch2009	
358.5	201.90	176.90	226.90	Hoenisch2009	
366.9	214.10	189.10	239.10	Hoenisch2009	
386.4	242.30	217.30	267.30	Hoenisch2009	
409.1	297.50	272.50	322.50	Hoenisch2009	
418.8	271.10	246.10	296.10	Hoenisch2009	
541.6	234.80	209.80	259.80	Hoenisch2009	
616.3	244.90	219.90	269.90	Hoenisch2009	
651	166.90	141.90	191.90	Hoenisch2009	
662.1	189.40	164.40	214.40	Hoenisch2009	
675	211.00	186.00	236.00	Hoenisch2009	
702.2	250.40	225.40	275.40	Hoenisch2009	
703.5	260.20	235.20	285.20	Hoenisch2009	
731	219.30	194.30	244.30	Hoenisch2009	
752.4	201.40	176.40	226.40	Hoenisch2009	
891.9	195.30	170.30	220.30	Hoenisch2009	
950	281.90	256.90	306.90	Hoenisch2009	
952.8	308.60	283.60	333.60	Hoenisch2009	
1072.8	295.30	270.30	320.30	Hoenisch2009	
1078.9	257.30	232.30	282.30	Hoenisch2009	
1168.3	264.50	239.50	289.50	Hoenisch2009	
1192.4	209.00	184.00	234.00	Hoenisch2009	
1212.5	221.30	196.30	246.30	Hoenisch2009	
1233.3	243.60	218.60	268.60	Hoenisch2009	
1238.7	270.40	245.40	295.40	Hoenisch2009	
1253	200.60	175.60	225.60	Hoenisch2009	
1261.7	237.70	212.70	262.70	Hoenisch2009	
1353.3	283.80	258.80	308.80	Hoenisch2009	
1412.7	218.40	193.40	243.40	Hoenisch2009	
1499.2	266.40	241.40	291.40	Hoenisch2009	
1578.9	214.80	189.80	239.80	Hoenisch2009	
1653	214.30	189.30	239.30	Hoenisch2009	
1666.8	218.10	193.10	243.10	Hoenisch2009	
1673.7	271.40	246.40	296.40	Hoenisch2009	
1854.2	267.50	242.50	292.50	Hoenisch2009	
1863.8	208.30	183.30	233.30	Hoenisch2009	
1931.8	296.70	271.70	321.70	Hoenisch2009	
1948.2	190.90	165.90	215.90	Hoenisch2009	
1955.8	183.70	158.70	208.70	Hoenisch2009	
1979.3	286.40	261.40	311.40	Hoenisch2009	
2019.7	280.00	255.00	305.00	Hoenisch2009	
2048.2	238.20	213.20	263.20	Hoenisch2009	
#Raitzsch et al. 2018 - bulloides					
5.6	244.00	192.00	296.00	Raitzsch2018	
12	199.00	127.00	271.00	Raitzsch2018	
18	184.00	147.00	221.00	Raitzsch2018	
26	210.00	139.00	281.00	Raitzsch2018	
119	257.00	194.00	320.00	Raitzsch2018	
131.5	196.00	133.00	259.00	Raitzsch2018	
146	198.00	139.00	257.00	Raitzsch2018	
194	207.00	140.00	274.00	Raitzsch2018	
216	198.00	146.00	250.00	Raitzsch2018	
238	273.00	211.00	335.00	Raitzsch2018	
261	193.00	136.00	250.00	Raitzsch2018	
287	259.00	180.00	338.00	Raitzsch2018	
299	296.00	232.00	360.00	Raitzsch2018	
#Dyez 2018 G.sacculifer					
1384.0	213.9	189.91	237.81	Dyez2018	
1392.7	282.2	242.36	322.07	Dyez2018	
1397.3	271.2	239.81	302.61	Dyez2018	
1402.0	320.2	275.78	364.65	Dyez2018	
1408.0	326.8	262.00	391.69	Dyez2018	
1414.0	260.5	229.71	291.23	Dyez2018	
1420.0	200.8	173.43	228.08	Dyez2018	
1425.2	234.2	206.18	262.32	Dyez2018	
1430.3	225.8	195.11	256.43	Dyez2018	
1435.5	241.9	200.62	283.12	Dyez2018	
1440.7	284.9	249.17	320.60	Dyez2018	
1445.8	286.7	245.45	327.86	Dyez2018	
1451.0	256.5	206.91	306.00	Dyez2018	
1455.5	237.1	207.19	267.01	Dyez2018	
1459.4	260.7	228.77	292.59	Dyez2018	
1464.5	248.9	219.98	277.76	Dyez2018	
1473.5	278.5	246.31	310.74	Dyez2018	
1478.0	271.9	240.12	303.66	Dyez2018	
1482.5	226.5	201.65	251.43	Dyez2018	
1490.0	292.2	257.82	326.63	Dyez2018	
1493.0	214.6	190.42	238.69	Dyez2018	
1496.4	201.0	177.46	224.50	Dyez2018	
1499.0	223.8	200.81	246.76	Dyez2018	
1502.3	182.9	161.63	204.22	Dyez2018	
1505.7	249.1	220.41	277.75	Dyez2018	
1509.0	276.6	242.78	310.49	Dyez2018	
1512.3	223.2	196.58	249.91	Dyez2018	
1515.7	298.9	261.02	336.77	Dyez2018	
1519.0	277.9	242.99	312.86	Dyez2018	
1522.3	283.6	244.30	322.98	Dyez2018	
1525.7	305.9	269.78	342.10	Dyez2018	
1529.0	255.8	228.46	283.18	Dyez2018	
1535.7	295.5	258.68	332.40	Dyez2018	
