Ma	Ma_L	Ma_U	pCO2	pCO2_L1?	pCO2_U1?	pCO2_L2?	pCO2_U2?
0.1	0.3	0	282.539456	209.1791357	372.4723307	160.4256067	469.6731976
0.5	1	0	247.9830947	182.9010105	326.6182135	141.2606221	408.5830555
0.8	1	0.5	282.9169019	208.2326683	373.9831852	160.5198226	473.7742354
1.8	2	1.5	274.5163895	204.0390445	361.1773168	158.3461896	454.0541658
2.1	2.3	2	306.7872361	227.4044062	404.300006	176.5647963	509.383088
2.3	2.5	2	344.1607706	254.0772974	455.8214244	196.4800237	579.6336965
2.7	3	2.5	298.4662443	221.1739628	392.5634747	171.8895984	490.8658135
3.2	3.5	3	340.3334215	253.52148	446.0001888	197.0951422	556.9462905
3.8	4	3.5	350.4537749	260.0610195	461.6610446	202.9468589	578.8803212
4	4.2	3.8	363.7251316	268.739423	480.864565	207.861797	606.5228315
5	5.2	4.8	352.7848629	262.311012	462.0509681	204.7559467	578.0312353
5.5	5.6	5.4	376.4378263	278.7689879	496.4040066	217.1919183	626.5623164
6	6.2	5.8	374.4187874	276.8492599	492.9918353	214.2179072	621.0724799
6.25	6.5	6	379.3738781	281.5292916	499.8255045	218.4249449	628.1657009
7.25	7.5	7	351.2336071	262.1326518	461.5457715	203.4701909	573.8729377
7.75	8	7.5	368.6000608	273.4723416	485.7325064	212.1912942	611.4668424
8	11.62	5.333	319.8854109	236.2862978	421.619139	183.3350904	531.5414047
8.25	8.5	8	359.8041319	268.4232413	473.6841857	209.0227828	595.3449908
9.25	9.5	9	352.1201547	261.4767092	461.6214518	203.8263067	577.193453
9.3	9.5	9	364.3001932	271.0234427	476.371005	211.6418074	597.8249057
10.5	10.7	10.2	370.7947197	274.8566757	487.8261086	213.6379888	613.7144472
11	14	7	398.1622694	296.5542133	521.2832483	231.7608754	651.6075064
11	14	7	415.0595994	307.0698767	544.9951671	237.7631447	686.5870201
11.1	11.1	11.1	314.7693981	233.6294165	413.6240438	182.719522	519.9801565
11.3	11.3	11.3	315.3244145	234.4548661	414.249544	181.9223187	519.5021908
12	12.2	11.8	400.9504093	295.9267887	531.0197443	229.8208764	674.3448905
12.5	12.7	12.2	391.9601681	290.5125307	517.2311792	224.0523727	656.5529435
13	13.2	12.8	404.3109532	299.364042	535.4662564	231.165719	679.9890491
13.1	13.1	13.1	314.4982862	233.9363764	412.6923412	182.1356976	516.3823926
13.5	13.6	13.4	457.6157938	331.4597347	624.5107097	249.6811573	832.5613467
13.9	14.1	13.7	420.2578879	309.6689495	557.295481	238.3334013	712.1389123
14	23	5.3	378.3479878	281.5070186	495.7816875	221.2031745	617.2409595
14.3	14.5	14.2	515.9907515	370.6285707	713.3142675	276.5731745	981.545981
14.5	14.6	14.4	467.3371289	336.4371993	644.5875691	250.439419	875.4472699
14.5	14.6	14.4	473.9019243	339.4501339	654.004027	252.1442946	885.6748106
14.6	14.7	14.7	366.2109512	271.3866188	482.6502375	210.2676906	610.2361371
14.7	14.6	14.6	377.9195862	279.9346717	500.2435122	218.2015675	630.4442291
14.8	15	14.5	363.8663495	269.1985365	478.3652212	210.4843785	600.3705913
14.8	14.9	14.7	432.9068471	312.9787277	591.4407248	232.7647884	789.6952227
15	15.2	14.8	445.5128967	327.560884	593.222648	250.8359267	763.7413639
15	15	15	388.148505	287.8949539	513.8165873	223.1787731	652.077186
15	23.03	5.333	381.2501026	281.7123195	502.9503137	218.3935235	638.671169
15	23.03	5.333	477.8938205	350.908225	635.1942964	269.2285068	818.2056057
15.1	15.2	15	440.7594486	318.6476434	603.9255802	238.5722356	807.0766571
15.2	15.25	15.1	467.7187313	334.4261699	648.566666	249.0488021	888.343375
15.25	15.3	15.2	418.7190355	302.5701988	572.6660507	225.9749283	765.4099476
15.6	15.7	15.5	400.9930679	296.7613101	529.9725624	229.5952981	675.4943976
15.7	15.75	15.5	566.0103313	402.1248935	792.1170024	295.1918922	1112.6261
15.9	15.9	15.75	555.9360685	391.7833689	784.4597045	287.9083171	1120.11713
16.1	16.3	16	421.8069733	311.2697579	560.0673073	240.6431775	714.2529813
16.1	16.2	16	449.9699601	325.5081049	616.7838917	243.8818291	830.6581418
16.25	16.3	16.1	476.5917851	343.2956244	656.3087671	255.9100273	891.3201459
16.3	16.5	16.25	548.1147165	388.0600989	768.0173796	284.8226245	1083.419797
16.4	16.6	16.2	414.8618223	306.1222275	550.6003228	235.9838665	701.9868679
16.7	16.8	16.5	482.8682993	346.1428319	667.5990379	256.8884032	915.8593109
17	17.1	16.9	458.8571862	329.0082582	633.0495844	245.379971	861.4504042
17.2	17.4	17.1	427.5398603	307.9224811	584.8474628	231.0609505	786.5248991
17.6	17.75	17.5	483.5911127	349.0573089	665.7577715	261.6472327	902.7540589
17.9	18.1	17.8	446.2146279	321.5740358	612.69208	240.9923434	830.452933
18	23.03	5.333	403.115836	301.8901774	523.8045707	238.944144	643.4168959
18.2	18.3	18	402.0785063	291.2282573	547.2991436	217.911805	725.3322679
18.3	18.5	18.2	382.0457029	278.2641358	519.538315	209.6927174	686.725381
18.6	18.75	18.5	436.0497539	312.508794	599.0355792	233.812635	810.897991
18.75	18.9	18.6	395.739912	286.4850858	536.929435	215.0349296	713.8626162
18.9	19	18.7	476.0814128	342.4964317	653.8230199	256.0635909	877.7081984
19.2	19.2	19	491.500406	353.0720976	680.596808	263.7119032	926.2936518
19.2	19.3	19	623.6056863	449.5359148	859.5645282	336.8659054	1169.187919
19.4	19.5	19.2	633.0507811	455.2187292	872.7060845	338.867916	1187.871054
19.6	19.7	19.5	568.7015047	414.0192233	776.2893982	313.999397	1044.369105
20.25	20.3	20.2	629.081823	452.2799494	865.6614835	337.8290126	1180.259269
20.45	20.5	20.4	608.7953093	439.8860003	833.3644437	329.0758279	1125.041693
20.8	20.9	20.75	618.2492887	445.0131592	852.0662955	333.8608149	1160.570245
21.5	20.6	20.4	656.5961272	470.6563399	907.8224072	351.3112533	1265.566672
24	28.1	23.03	578.7903743	418.2468695	792.6389594	315.8610905	1063.604293
24	28.1	23.03	648.4216002	464.9586116	905.257661	345.8513118	1259.570045
25	28.1	23.03	657.5416447	467.3278778	922.2144603	348.4928595	1290.10085
25	28.1	23.03	649.9310102	463.1041456	907.8404539	343.6688383	1280.469191
27	28.1	23.03	768.1170753	532.6087093	1125.606309	384.996676	1733.494596
27	28.1	23.03	695.3011993	489.7404661	996.5412721	356.6762675	1464.835829
28	30	26	724.041689	515.7758992	1015.984371	381.7695804	1447.81328
30	33.9	28.1	833.7380676	569.5313427	1253.924939	408.1091896	2033.900085
30	33.9	28.1	959.8675571	641.3695074	1508.733939	450.2770163	2731.783437
30	33.9	28.1	941.3237598	632.7688991	1470.6404	444.3647087	2601.096254
31	33.9	28.1	616.0765091	445.713282	844.5690181	336.0801751	1138.395527
31	33.9	28.1	811.4488839	555.9330748	1203.220982	402.1201573	1913.625137
31	33.9	28.1	842.1227822	578.1101017	1265.388544	408.5903276	2042.234497
31	33.9	28.1	786.2017006	543.3057428	1156.684932	391.1634468	1786.704791
32	33.9	28.1	769.584016	533.8253338	1129.673817	386.1569591	1743.862151
32	33.9	28.1	824.4633564	565.7192264	1230.451179	405.4931357	1984.513586
53.5	53.7	53.3	1063.173476	694.4391263	1742.581515	478.4957871	3555.088423
53.5	53.7	53.3	872.2162493	593.4400476	1330.013807	420.3260812	2262.678632
53.6	53.8	53.4	811.1414188	557.5427501	1210.908538	396.3935369	1928.429626
53.6	53.8	53.4	765.4636164	530.82987	1129.02382	383.6752568	1749.933791
53.6	53.8	53.4	910.0456119	612.907453	1411.121178	432.9332671	2477.342171
53.6	53.8	53.4	969.2891447	644.5619319	1535.211819	455.2165096	2853.665552
53.6	53.8	53.4	971.3129966	644.7962435	1536.022492	451.44944	2813.107196
53.6	53.8	53.4	876.9786843	595.0144864	1341.985743	419.2465455	2242.924184
53.6	53.8	53.4	889.7364292	601.3177352	1369.008389	426.8098765	2349.250103
53.6	53.8	53.4	1445.620912	876.3786472	2756.388709	514.3432228	8425.73234
53.6	53.8	53.4	954.5819286	640.5793284	1475.714187	453.8318939	2585.331842
53.7	53.9	53.5	881.7398691	599.9180836	1337.332613	428.719315	2206.778182
53.7	53.9	53.5	1405.022435	859.1693385	2616.598095	523.8966519	7512.380491
53.7	53.9	53.5	1371.671141	843.4141003	2547.953148	523.3799656	7222.789945
53.7	53.9	53.5	1333.713426	825.2787814	2450.090548	538.0741374	6567.435211
53.7	53.9	53.5	1370.498367	849.3786454	2540.03666	533.2082323	6918.72004
53.7	53.9	53.5	896.9785559	607.9633891	1368.774263	432.6844838	2330.042585
53.7	53.9	53.5	1094.637145	715.3091757	1803.983661	493.3112354	3741.649398
53.7	53.9	53.5	1332.274654	829.5600228	2434.734595	529.331147	6503.279044
53.8	54.0	53.6	1368.744442	841.9861714	2527.776585	524.9910932	6911.804888
78	83.6	72.1	993.7631122	701.0987002	1418.626472	515.4288886	2118.143422
81	89.8	72	608.955608	443.5385701	819.4016766	338.1073021	1085.900925
85	86.3	83.6	662.0619996	485.3842752	884.9360144	371.6254623	1163.178819
86	87	84	606.622027	452.210575	796.6472519	354.6896533	1000.67005
88	89	87	763.3688322	560.2412868	1018.947231	431.4623784	1331.479671
89.5	90.5	88.5	872.7769797	636.3019816	1186.408854	481.9777542	1610.250967
91	92	90	702.7541071	522.7587889	924.7074917	407.8037909	1176.685736
94	96	92	512.4441534	376.8904525	676.4165091	291.7317923	865.7821982
94	96	92	716.9373657	518.9081107	981.0602631	391.4554986	1327.266344
94	96	92	904.8397519	647.736014	1267.393664	483.845892	1800.819542
94	96	92	1059.811906	744.8697683	1532.353785	544.2482622	2333.59832
94	97	93.9	892.7416102	644.6868679	1226.754363	483.3042275	1696.632373
94	97	93.9	1019.914758	725.1880638	1433.33571	539.0636937	2088.792169
94	97	93.9	863.9616569	623.7517069	1185.010265	471.7129066	1636.968136
94	97	93.9	1025.111853	726.9355753	1451.752366	537.6948277	2120.902495
94	97	93.9	1076.573146	760.9303534	1545.831832	559.4912588	2316.374357
94	97	93.9	1083.836953	768.2851032	1543.024879	566.2061489	2293.197282
94	97	93.9	1199.755522	837.5973385	1754.57954	613.5245443	2735.207588
94	100	93.9	691.0390606	500.6947992	942.9355906	378.1774848	1277.819466
94	100	93.9	609.2990272	446.0132146	818.8781684	340.8082498	1077.912925
94	100	93.9	629.1140251	458.8622561	849.9553427	348.2038963	1125.638264
94	96	92	631.7406442	466.2802807	838.1216278	361.2544206	1076.91807
94	96	92	800.2552488	581.6076291	1087.465388	441.8597785	1469.827267
95	96	94	786.2104397	571.3536026	1074.329806	433.8958706	1444.265725
95	97	93.5	1160.188839	814.6625195	1676.39827	597.2111133	2591.681419
95	97	93.5	1690.647364	1098.459588	2840.621639	751.994614	6271.866265
95	97	93.5	1489.983994	997.6202935	2376.439133	705.54969	4600.899242
95	97	93.9	1061.851461	750.2534175	1515.07559	556.1918408	2228.753342
95	97	93.9	901.2205864	650.303297	1241.546869	489.1883217	1728.077181
95	97	93.9	883.3144689	636.8485928	1217.868471	479.7056312	1679.157898
95	97	93.9	896.5865939	646.6494811	1239.817096	486.5276319	1723.975513
95	97	93.9	828.7153142	602.8005703	1130.693446	455.6970678	1549.485774
95	97	93.9	1022.249498	730.3443579	1435.325152	543.019245	2055.654387
95	97	93.9	1070.291266	758.1923233	1512.234166	564.9609432	2232.361542
95	97	93.9	861.6466953	617.1711529	1199.31961	462.2987149	1683.612044
95	97	93.9	987.7201633	699.199603	1410.52194	513.0964847	2108.971784
95.5	97	93.9	1242.268577	858.7135445	1835.895813	623.7344936	2983.5689
95.9	97	93.9	1111.859008	783.7002408	1604.849451	577.970627	2426.685849
96	97	95	714.8224819	525.806276	952.3839624	404.6934461	1243.479829
96	97	95	682.5652748	500.320901	902.9431805	387.1369909	1163.114829
96	97	95	834.2213764	604.3501449	1137.435631	459.3271538	1548.958003
96	97	93.5	1434.223419	972.3247764	2212.958885	690.6730087	3976.166253
95.45	97	93.9	878.3610534	634.3649495	1203.227312	478.8467722	1651.001645
96	97	93.5	1341.710352	915.7571652	2050.097623	658.68123	3552.158967
96	97	93.5	1429.428166	963.0088942	2238.112399	682.1385868	4036.278976
96	97	93.9	925.5972113	663.413943	1281.001004	496.5198161	1804.395532
96	97	93.9	1133.300804	794.2958419	1645.069288	581.66616	2504.925166
96	97	93.9	1027.78967	729.1964459	1458.750775	537.6245703	2124.880886
96	97	93.9	1224.782876	855.3758922	1808.83918	619.8110557	2843.298714
96	97	93.9	1019.025968	730.5995252	1429.084939	543.901406	2048.132176
96	97	93.9	946.9343831	669.6267392	1348.94841	497.4722527	1970.710965
96	97	93.9	848.9418973	609.7192869	1179.635579	455.5596278	1658.380055
96.3	97	93.9	1174.446843	820.8737534	1714.042182	597.5786695	2671.571702
96.7	97	93.9	1133.625996	798.0653864	1641.466679	588.7455758	2502.395662
97	98	96	1186.062344	836.9328077	1710.345029	617.2522481	2596.959132
97	99.5	97.5	904.531305	657.9823158	1235.149249	497.4445644	1683.252679
97	97	93.5	1095.50513	776.519399	1569.771868	574.2317393	2340.899952
97	97	93.5	1461.348895	980.0801459	2314.410655	692.2705836	4310.517335
97	97	93.9	912.1551824	657.4291628	1259.607748	494.2719531	1750.241318
97	97	93.9	921.8174525	664.6709928	1280.550082	496.0535489	1799.497661
97	97	93.9	1112.58719	782.8142358	1606.028657	573.8357483	2455.125675
97	97	93.9	1194.022531	829.1372501	1757.985566	604.6283328	2819.78226
97	97	93.9	1034.159309	734.8965419	1457.719152	550.0616946	2103.582454
97	97	93.9	898.6125778	639.2340444	1269.030022	475.0216163	1805.054535
97	97	93.9	899.2963245	642.3749802	1266.736806	477.9654673	1834.659861
97	100	93.9	935.5343036	670.8795108	1297.019678	500.0490549	1818.966542
99	100	98	760.5179411	555.8156598	1025.000846	426.801425	1354.018353
102	105	100.5	1133.497175	793.5639269	1651.24447	583.8400709	2588.373222
102	105	100.5	936.4247527	670.2125245	1303.936634	499.5383863	1840.455196
111	113	110	1125.355577	790.2813744	1636.421395	579.9358616	2492.024469
115	115	113.8	906.5519948	651.637537	1254.754751	489.1596555	1753.534781
115	115	113	996.1408138	680.6241542	1509.334703	485.2529971	2528.819163
116	115	113	1291.88179	837.6479107	2146.350739	568.3360971	4527.70605
116	116	114	1277.872265	832.7900622	2122.013949	573.3440603	4359.913642
116	117	115	1193.875305	786.103879	1924.072281	546.9259283	3667.679069
117	117	116	838.2342745	607.3913117	1144.900908	459.8913548	1564.817178
117	118	116	1231.250466	808.4055519	2027.35392	559.7744876	4088.250379
117	118	116	1335.908881	865.3018438	2266.142437	584.7808682	5075.774211
118	118	116	1231.389851	854.263946	1828.390016	616.1968361	2935.792808
120	121	119	1048.389722	709.0175867	1623.512439	504.4479338	2789.678622
122	126	118	893.6319531	641.1527526	1243.128219	479.265306	1756.760518
122	126	118	833.2398242	601.9953726	1149.737087	452.220415	1586.294132
122	123	121	978.08674	670.5871443	1465.054935	481.5078178	2407.641716
124	125	123	958.7021164	659.759247	1437.594982	476.9840884	2348.012831
140	145	132.9	820.1761042	593.7368473	1127.244816	447.4353292	1546.032651
140	145	132.9	863.8833143	622.4690143	1195.072245	467.5410025	1660.006821
144	150	138	641.0204275	447.8939146	928.3772901	324.9902061	1373.606235
145	152	139	1062.429052	731.3454355	1585.726978	528.1274064	2568.635924
145	152	139	774.4644153	558.6044385	1064.619342	421.0365092	1462.399844
145	152	139	730.2607732	530.2352781	991.1875314	400.5225118	1343.832812
145	152.1	145	607.9708403	434.0570424	846.6241503	322.9209066	1174.519046
145	152.1	145	585.3633012	420.0453809	810.6561602	311.9466632	1105.363995
146	152.1	145	540.4880339	389.6670253	735.7329928	292.4808485	986.9324124
146	152.1	145	690.351721	489.1051281	982.9374502	358.2816285	1433.265271
146	150	138	675.2293746	468.5064721	980.6126351	339.7306453	1493.653721
147	152.1	145	723.1736262	508.3872478	1039.715612	371.5333235	1541.828366
148	152.1	145	785.8404819	547.7622819	1152.350145	395.4381689	1766.166202
148	152.1	145	586.827165	422.9474708	810.076765	314.8919374	1108.936924
148	150	138	617.5619482	432.9351558	883.7353835	315.044454	1299.974714
149	152.1	145	746.860902	522.9483253	1081.774658	379.0607076	1622.532
149	152.1	145	659.4030851	469.3126105	930.2295839	348.1322671	1326.770623
150	152.1	145	726.2058382	511.0783443	1041.882298	373.6718784	1546.017648
150	152.1	145	788.3113111	545.5189921	1157.04581	397.4598585	1775.469896
150	150	138	600.9760353	423.5081642	858.7270425	307.9675978	1249.613877
154.7	157.3	152.1	676.2864664	483.1140321	939.5021676	360.7248766	1304.799451
154.7	157.3	152.1	705.4966862	502.2276176	989.7704622	372.9845529	1400.574584
154.7	157.3	152.1	742.7907882	528.2329392	1055.544122	389.4681407	1513.884126
154.7	157.3	152.1	660.8100618	475.4433841	916.4137105	354.5311568	1264.948761
154.7	157.3	152.1	784.7554035	553.6945837	1118.834389	407.3712879	1644.316592
154.7	157.3	152.1	651.7840843	469.2718224	900.1908062	351.6726264	1243.266072
154.7	157.3	152.1	686.3031285	492.3368948	958.0609742	366.4600351	1349.208961
154.7	157.3	152.1	784.2461324	552.856662	1117.902814	406.3006107	1636.037719
154.7	157.3	152.1	535.1239776	389.351258	721.0909271	297.3593068	949.0612311
155	164	145	1017.992013	679.4560862	1615.614532	473.394295	3037.00959
155	157.3	152.1	930.9275615	664.8038801	1309.538604	493.1364691	1887.38143
159	166	152	812.9000034	588.7176172	1112.218262	444.7804463	1521.403959
159	166	152	758.8510666	553.2782783	1026.827799	421.7279392	1382.979034
177	182.7	174.1	940.2188364	643.0766203	1428.318942	460.9452411	2326.972132
177	182.7	174.1	989.7183593	672.2291833	1521.963526	481.164255	2617.197607
178	182.7	174.1	677.7420498	486.5896619	946.5390198	363.5714148	1316.626222
178	182.7	174.1	1018.964192	691.5072355	1563.116772	490.9349208	2677.713261
178	182.7	174.1	973.0286093	664.3673528	1484.864396	471.1084965	2522.773518
178	182.7	174.1	1021.716558	689.9719712	1586.370814	490.2073001	2765.444277
178	182.7	174.1	808.3473827	565.3539883	1168.636729	411.9174818	1748.340654
178	182.7	174.1	666.9172403	478.3327638	928.4075007	356.0096866	1299.479869
178	182.7	174.1	694.2248216	495.6947693	972.9168014	366.6612307	1365.414855
179	182.7	174.1	970.8522975	660.2243446	1479.806861	469.4947477	2495.764919
179	182.7	174.1	1040.516723	699.4567103	1630.665417	494.6070166	2897.96153
180	182.7	174.1	1012.234825	686.4393797	1566.923515	483.5435598	2736.89735
180	182.7	174.1	956.4116926	650.5272727	1453.181406	466.2590267	2415.94295
181	182.7	174.1	984.9360867	673.3139579	1506.542428	479.0960515	2586.22764
181	182.7	174.1	999.0246587	676.4791561	1540.827767	478.484876	2634.107296
182	191	174	794.5304926	557.9569412	1138.667816	407.9426325	1676.402903
182	182.7	174.1	983.8665846	669.0653083	1502.269574	473.9755209	2547.972332
184	186	182	643.6881217	459.4662957	898.5073646	341.5031179	1251.061598
200	201	199	873.4427772	608.4079373	1282.779616	439.1819635	1960.682045
205	209	201.3	1231.160997	826.0106461	1957.585527	580.6803641	3629.323697
226	232	220	1036.362082	720.6632061	1526.868354	524.0298518	2414.477804
226	232	220	1019.221992	712.8245152	1489.737643	517.4242878	2320.718788
226	232	220	1587.958826	1014.978277	2769.865752	679.5559702	6622.982787
237	242	232	739.0518627	516.8760505	1056.332698	378.0345178	1553.534016
242	247.2	237	684.4263625	481.4872162	978.9368907	353.5169204	1427.274473
246	252.17	251.2	1188.017005	815.6525055	1796.286208	584.5277451	2973.412126
247	252.17	251.2	1058.874286	741.4456567	1548.398013	539.5623343	2360.951425
247	252.17	251.2	1621.806045	1042.568923	2800.778106	703.927891	6552.123611
248	252.17	251.2	422.5712862	298.6884101	594.7402264	219.2250227	829.1834304
253	254.14	252.17	872.5115096	622.2991028	1231.904529	461.633982	1773.385859
253	254.14	252.17	1088.767513	753.9138527	1615.894485	545.7279219	2613.063526
256	259.8	252.17	695.4880914	478.6690499	1031.221073	343.8463049	1608.435666
262	268.8	252.17	571.9447611	412.2805444	784.4652913	306.5137071	1069.983396
262	268.8	252.17	460.3459402	336.8753073	615.8229924	256.59139	803.2625464
343	358.9	323.2	496.8622505	347.7505462	718.5768791	248.9807557	1061.796238
355	363	347	270.2837304	191.9675125	376.707687	140.6147701	510.9629629
355	363	347	502.4655606	329.6387306	789.1239109	227.1944647	1398.06694
372	382.7	358.9	939.2962788	667.7542026	1320.166137	496.9570174	1907.055011
372	382.7	358.9	1113.640507	773.2378735	1631.896107	563.600333	2552.672235
377	379	377	946.469468	672.7132144	1339.230113	500.3647804	1955.27136
377	379	377	1161.202409	805.2988293	1716.807079	577.6206699	2761.818982
377	382	375	903.7056379	641.9769313	1278.466484	474.3487795	1844.952028
378	379	377	1308.29385	892.8787836	2019.673324	638.5996418	3540.731303
378	379	377	975.0060257	675.7532993	1436.706506	488.9255102	2261.093884
378	382	375	878.2747588	626.1314262	1235.900357	466.4749138	1755.108225
379	379	377	1030.275085	707.1101766	1539.57654	511.0518342	2510.020668
379	379	377	927.9943076	648.3209411	1342.963517	473.2232111	2064.883421
379	382.7	372.2	936.3619614	653.8740884	1372.143661	472.4828458	2083.965321
379	382	375	955.2362759	679.9535964	1351.274756	504.2644279	1962.751406
379	382	375	947.3501643	671.6377304	1359.246854	495.5469074	2003.989427
379	382	375	993.7152692	697.6893972	1437.819063	511.9115245	2179.778379
380	382	375	833.4870868	590.3379945	1183.191728	435.1850665	1712.047591
383	385	380	1241.163613	815.1483196	2029.150816	561.7978751	4081.041869
383	385	380	1262.453746	830.6313726	2086.589146	570.8100461	4304.702446
383	385	380	1088.336272	737.2442086	1691.671425	520.7690494	2992.867876
383	385	380	1020.462577	695.0006744	1554.723882	496.756922	2632.80163
383	385	380	1355.912282	877.5588717	2331.20582	586.5046301	5270.990386
388	393.3	382.7	722.6735741	513.8909929	1015.274248	379.2199333	1438.853171
431.5	443.8	419.2	508.8280989	358.9345888	719.5736374	262.2160099	1019.285849
438	444	433	665.5011609	484.205575	897.8244845	366.6989841	1195.172014
450	458.4	443.4	679.8094464	465.9219346	1019.005966	330.0807685	1644.151545
450	458.4	443.4	655.4834349	451.6070773	972.6641441	321.5852341	1528.957699
450	458.4	443.4	657.3059621	451.3779462	973.1829876	322.8354926	1539.817171
450	458.4	443.4	718.0757096	486.0939272	1095.371179	342.4512833	1816.887906
450	458.4	443.4	568.7249207	397.3184103	818.4067917	288.8547429	1211.412476
450	458.4	443.4	715.7382878	485.3471161	1092.675405	343.1253237	1816.404344
450	458.4	443.4	691.0183916	470.9361058	1041.988066	334.4284585	1689.218976
450	458.4	443.4	561.7154345	390.5109681	819.0616457	282.2400759	1231.919451
450	458.4	443.4	599.6189063	410.9527343	889.44255	294.7890969	1388.634967
450	458.4	443.4	561.6910839	390.5079853	823.2951845	279.4071182	1236.537872
450	458.4	443.4	536.7136748	374.7532441	776.7160987	271.4559556	1141.194
452	455	450	370.8326097	267.9939387	506.0428044	200.0008572	674.9023271
455	459	446	372.3418498	269.69966	507.2836438	201.723404	673.4199173
455	459	446	391.1238833	281.3021382	538.4169583	209.7069452	728.3125037
455	459	446	370.2530443	267.6311026	507.5906283	200.6073406	674.3571575
455	459	446	326.8086085	239.0977935	441.2286712	180.9055122	577.5480002
455	459	446	357.0592833	258.5507249	484.3733081	194.6010959	641.2847079
455	459	446	316.8337099	231.902531	426.7245029	175.8533389	550.843167
455	459	446	359.4605287	260.4017656	488.97425	195.307612	646.7233897
455	459	446	364.1688878	263.5987452	493.738169	198.211607	657.0299558
